target_id	length	eff_length	est_counts	tpm
rna-XR_002636969.1	1017	901.996	7.78315	26.7203
rna-XR_002635081.1	711	600.565	15	77.3429
rna-XR_002636046.1	3105	2990	1318.35	1365.37
rna-XR_002638148.1	1586	1471	37	77.8897
rna-XR_002639675.1	25148	25033	597	73.8501
rna-XR_002636574.1	10029	9914	94.6737	29.5713
rna-XR_002636864.1	6843	6728	458.977	211.249
rna-XR_002636863.1	6857	6742	850.582	390.676
rna-XR_002635698.1	5581	5466	2016	1142.12
rna-XR_002637875.1	1611	1496	19.5244	40.4145
rna-XR_002639757.1	803	692.067	62	277.417
rna-XR_002637404.1	5548	5433	58.2366	33.193
rna-XR_002637403.1	5983	5868	53.9586	28.4748
rna-XR_002638411.1	1032	916.996	6.14459	20.7498
rna-XR_002638407.1	729	618.523	1.20448	6.03022
rna-XR_002639131.1	1047	931.996	8	26.5807
rna-XR_002637017.1	894	781.41	31.6129	125.278
rna-XR_002637713.1	950	836.048	16	59.2623
rna-XR_002637880.1	796	685.067	4	18.0808
rna-XR_002637799.1	2043	1928	8	12.8491
rna-XR_002638995.1	4595	4480	421.049	291.035
rna-XR_002634943.1	2592	2477	10.6641	13.3317
rna-XR_002638063.1	2112	1997	0	0
rna-XR_002638876.1	781	670.253	2	9.24019
rna-XR_002637797.1	729	618.523	419	2097.72
rna-XR_002635789.1	2467	2352	549.686	723.715
rna-XR_002634753.1	12574	12459	721.854	179.414
rna-XR_002634768.1	11583	11468	120.089	32.427
rna-XR_002634760.1	11581	11466	147.686	39.8858
rna-XR_002634750.1	11580	11465	163.781	44.2364
rna-XR_002634765.1	11580	11465	163.781	44.2364
rna-XR_002634752.1	11577	11462	223.388	60.3516
rna-XR_002634754.1	11576	11461	247.741	66.937
rna-XR_002634762.1	11576	11461	247.741	66.937
rna-XR_002634766.1	11574	11459	304.712	82.3441
rna-XR_002633935.1	431	323.155	9	86.2424
rna-XR_002634061.1	501	392.591	10	78.8768
rna-XR_002639939.1	2258	2143	376.231	543.654
rna-XR_002636171.1	1823	1708	719	1303.56
rna-XR_002639137.1	2172	2057	866.295	1304.13
rna-XR_002639138.1	13744	13629	2012.47	457.251
rna-XR_002637000.1	940	826.218	0	0
rna-XR_002635934.1	8203	8088	818.129	313.235
rna-XR_002638094.1	4346	4231	212.08	155.219
rna-XR_002638095.1	4346	4231	212.08	155.219
rna-XR_002638091.1	4345	4230	280.706	205.495
rna-XR_002638093.1	4345	4230	280.706	205.495
rna-XR_002638097.1	4345	4230	280.706	205.495
rna-XR_002638090.1	4343	4228	491.861	360.245
rna-XR_002638096.1	4343	4228	491.861	360.245
rna-XR_002638679.1	12442	12327	1143.28	287.2
rna-XR_002638671.1	11226	11111	648.663	180.782
rna-XR_002638132.1	668	558	9	49.9457
rna-XR_002636687.1	622	512.514	10	60.4204
rna-XR_002638840.1	1814	1699	29	52.8561
rna-XR_002638600.1	25571	25456	639.816	77.8314
rna-XR_002635894.1	3468	3353	144.101	133.083
rna-XR_002635072.1	2915	2800	287.961	318.468
rna-XR_002636555.1	2022	1907	12.0981	19.6452
rna-XR_002638364.1	4275	4160	1357.85	1010.76
rna-XR_002637425.1	53382	53267	1885.65	109.621
rna-XR_002637423.1	1528	1413	0	0
rna-XR_002637424.1	1524	1409	0	0
rna-XR_002637419.1	2114	1999	156.713	242.763
rna-XR_002637421.1	2114	1999	156.713	242.763
rna-XR_002636179.1	2869	2754	11.9978	13.4905
rna-XR_002634989.1	5721	5606	90.233	49.8428
rna-XR_002634991.1	5721	5606	90.233	49.8428
rna-XR_002637676.1	1190	1075	40	115.224
rna-XR_002639760.1	3442	3327	1028.3	957.097
rna-XR_002637696.1	1358	1243	43.2831	107.83
rna-XR_002637764.1	16571	16456	253.277	47.6608
rna-XR_002638213.1	2887	2772	21	23.4594
rna-XR_002635759.1	5044	4929	285.338	179.263
rna-XR_002635760.1	5047	4932	138.662	87.0614
rna-XR_002639528.1	3153	3038	143	145.76
rna-XR_002637753.1	41923	41808	483.48	35.8104
rna-XR_002637752.1	50097	49982	1723.45	106.776
rna-XR_002636558.1	2509	2394	139.627	180.607
rna-XR_002635374.1	2792	2677	62.9145	72.7768
rna-XR_002638485.1	25118	25003	153.249	18.98
rna-XR_002638486.1	25122	25007	126.766	15.6975
rna-XR_002638487.1	20258	20143	1303.84	200.442
rna-XR_002637599.1	1516	1401	2727	6027.51
rna-XR_002637108.1	2570	2455	109	137.488
rna-XR_002638776.1	6414	6299	150.904	74.1853
rna-XR_002634884.1	4828	4713	312	204.997
rna-XR_002636369.1	6057	5942	9.02088	4.70117
rna-XR_002636373.1	6057	5942	9.02088	4.70117
rna-XR_002636376.1	6057	5942	9.02088	4.70117
rna-XR_002636377.1	6057	5942	9.02088	4.70117
rna-XR_002636378.1	6057	5942	9.02088	4.70117
rna-XR_002636379.1	6057	5942	9.02088	4.70117
rna-XR_002636380.1	6049	5934	13.9429	7.27605
rna-XR_002635791.1	5513	5398	101.354	58.143
rna-XR_002634844.1	2698	2583	39	46.7553
rna-XR_002639408.1	2832	2717	38.0674	43.3864
rna-XR_002634095.1	6873	6758	192.446	88.182
rna-XR_002634101.1	6873	6758	192.446	88.182
rna-XR_002639331.1	4949	4834	892.63	571.814
rna-XR_002639328.1	576	467.054	2.01603	13.3666
rna-XR_002637493.1	1981	1866	91.3612	151.615
rna-XR_002639142.1	4052	3937	520.234	409.188
rna-XR_002639143.1	1776	1661	196	365.407
rna-XR_002639218.1	6249	6134	235.301	118.787
rna-XR_002633990.1	2189	2074	138	206.044
rna-XR_002633994.1	13871	13756	1514.91	341.024
rna-XR_002633989.1	1301	1186	407	1062.68
rna-XR_002637639.1	1965	1850	0	0
rna-XR_002637641.1	2339	2224	16	22.278
rna-XR_002636585.1	3459	3344	36.9769	34.2416
rna-XR_002637687.1	23847	23732	332.127	43.3371
rna-XR_002637686.1	20703	20588	622.411	93.6166
rna-XR_002637682.1	20296	20181	1451.48	222.719
rna-XR_002637684.1	14299	14184	0	0
rna-XR_002637685.1	9252	9137	0	0
rna-XR_002637688.1	7694	7579	706.446	288.64
rna-XR_002637683.1	7584	7469	1523.11	631.478
rna-XR_002637453.1	7631	7516	81	33.3725
rna-XR_002637596.1	6923	6808	972.665	442.419
rna-XR_002637884.1	1653	1538	15	30.2013
rna-XR_002637648.1	1704	1589	15	29.232
rna-XR_002634904.1	2552	2437	67.7456	86.0827
rna-XR_002635937.1	2064	1949	5.51506	8.76252
rna-XR_002635938.1	1077	961.996	4.46911	14.3859
rna-XR_002637712.1	3545	3430	10.8101	9.75947
rna-XR_002635864.1	820	708.971	99.903	436.355
rna-XR_002639527.1	2722	2607	81.6101	96.9378
rna-XR_002638454.1	1701	1586	54	105.434
rna-XR_002636217.1	3079	2964	114.788	119.925
rna-XR_002636245.1	5545	5430	9839.46	5611.27
rna-XR_002636251.1	3325	3210	237.456	229.07
rna-XR_002637871.1	1356	1241	126.723	316.21
rna-XR_002638817.1	571	462.15	4.34828	29.1357
rna-XR_002639340.1	1733	1618	63	120.574
rna-XR_002636108.1	5480	5365	0	0
rna-XR_002636103.1	5686	5571	127.819	71.0482
rna-XR_002636111.1	6895	6780	515.269	235.339
rna-XR_002636110.1	1447	1332	72.8523	169.368
rna-XR_002636102.1	4459	4344	127.475	90.8712
rna-XR_002638676.1	959	844.876	37.6357	137.942
rna-XR_002635843.1	1975	1860	342.41	570.064
rna-XR_002636610.1	2026	1911	82	132.875
rna-XR_002635080.1	2533	2418	104.848	134.275
rna-XR_002634898.1	2953	2838	77.7251	84.8084
rna-XR_002636294.1	2428	2313	45.5769	61.0182
rna-XR_002636554.1	2610	2495	1067.31	1324.68
rna-XR_002637587.1	1813	1698	78	142.248
rna-XR_002636941.1	6130	6015	87.2749	44.9308
rna-XR_002638522.1	1879	1764	160	280.874
rna-XR_002638528.1	1438	1323	128.674	301.178
rna-XR_002638527.1	1608	1493	67.9626	140.962
rna-XR_002638526.1	4568	4453	249.712	173.651
rna-XR_002638523.1	2010	1895	0	0
rna-XR_002638303.1	1445	1330	52.5994	122.467
rna-XR_002638302.1	1624	1509	387.297	794.778
rna-XR_002638310.1	723	612.565	34.5535	174.674
rna-XR_002638309.1	1739	1624	41.6417	79.4024
rna-XR_002638306.1	1749	1634	6.15436	11.6633
rna-XR_002638305.1	4939	4824	105.826	67.9321
rna-XR_002638307.1	1124	1009	76	233.246
rna-XR_002638301.1	1470	1355	340	777.017
rna-XR_002638308.1	3291	3176	402.267	392.215
rna-XR_002635830.1	1678	1563	6.6096	13.095
rna-XR_002635827.1	1699	1584	8.82807e-07	1.72584e-06
rna-XR_002635061.1	3514	3399	113.11	103.048
rna-XR_002635063.1	3514	3399	113.11	103.048
rna-XR_002637673.1	727	616.523	27.5812	138.533
rna-XR_002638010.1	1502	1387	9.54633	21.3133
rna-XR_002634859.1	6557	6442	537.647	258.444
rna-XR_002638247.1	9663	9548	4990.84	1618.64
rna-XR_002638246.1	1443	1328	23.3127	54.3608
rna-XR_002638245.1	1857	1742	68.88	122.443
rna-XR_002639826.1	4204	4089	294.796	223.251
rna-XR_002638966.1	4828	4713	611.39	401.708
rna-XR_002638963.1	1491	1376	21	47.2598
rna-XR_002638967.1	993	878.056	32.0055	112.874
rna-XR_002638954.1	32641	32526	2132.75	203.048
rna-XR_002638956.1	32641	32526	2132.75	203.048
rna-XR_002638964.1	2285	2170	0	0
rna-XR_002638949.1	1372	1257	0	0
rna-XR_002638953.1	3664	3549	1.18866	1.03715
rna-XR_002638951.1	3629	3514	12.0887	10.6529
rna-XR_002638955.1	3629	3514	12.0887	10.6529
rna-XR_002638961.1	2843	2728	64.6121	73.3431
rna-XR_002638946.1	4999	4884	786.395	498.603
rna-XR_002638945.1	6599	6484	0	0
rna-XR_002638943.1	6618	6503	151.523	72.1531
rna-XR_002638947.1	7855	7740	287.931	115.196
rna-XR_002638948.1	7855	7740	287.931	115.196
rna-XR_002638959.1	1099	983.996	6.43385	20.2473
rna-XR_002638965.1	2260	2145	152.054	219.513
rna-XR_002636492.1	2399	2284	118.118	160.144
rna-XR_002636651.1	2850	2735	1638.03	1854.62
rna-XR_002638793.1	993	878.056	2.44989	8.64001
rna-XR_002634078.1	3134	3019	53.4811	54.8564
rna-XR_002638874.1	2695	2580	254.824	305.852
rna-XR_002639565.1	905	791.713	26.9529	105.421
rna-XR_002639931.1	1414	1299	151	359.964
rna-XR_002639932.1	2682	2567	362.703	437.537
rna-XR_002634837.1	4045	3930	640.83	504.941
rna-XR_002636557.1	1021	905.996	138.118	472.077
rna-XR_002637526.1	2367	2252	81	111.38
rna-XR_002638529.1	3246	3131	27.2087	26.9101
rna-XR_002634986.1	1778	1663	469	873.316
rna-XR_002635628.1	1288	1173	139	366.951
rna-XR_002638593.1	17761	17646	1506.81	264.425
rna-XR_002636553.1	1322	1207	26	66.7048
rna-XR_002638838.1	7138	7023	153.593	67.7235
rna-XR_002638839.1	7141	7026	92.5542	40.7923
rna-XR_002638080.1	5531	5416	182.164	104.153
rna-XR_002639722.1	2612	2497	87	107.892
rna-XR_002638264.1	2048	1933	79	126.557
rna-XR_002633663.1	1498	1383	136.48	305.589
rna-XR_002633662.1	7992	7877	2335.55	918.161
rna-XR_002637946.1	1880	1765	17.336	30.4155
rna-XR_002639983.1	767	656.344	352.188	1661.62
rna-XR_002639982.1	2103	1988	79.3257	123.563
rna-XR_002638078.1	2504	2389	54.318	70.4074
rna-XR_002633751.1	1991	1876	1047	1728.24
rna-XR_002636430.1	7596	7481	187.627	77.6649
rna-XR_002638224.1	4186	4071	234.639	178.48
rna-XR_002633802.1	1198	1083	52.2679	149.451
rna-XR_002638445.1	1468	1353	85	194.541
rna-XR_002635629.1	1548	1433	19	41.058
rna-XR_002635631.1	1546	1431	0	0
rna-XR_002635630.1	1537	1422	0	0
rna-XR_002635771.1	1655	1540	5.74999e-06	1.15621e-05
rna-XR_002635772.1	1633	1518	148.231	302.384
rna-XR_002638358.1	4213	4098	397.176	300.124
rna-XR_002639602.1	1110	994.996	10.6155	33.0376
rna-XR_002638256.1	639	529.407	22	128.683
rna-XR_002638056.1	1059	943.996	29.3886	96.4048
rna-XR_002637756.1	1608	1493	37	76.7419
rna-XR_002637665.1	847	735.822	17	71.5428
rna-XR_002634963.1	1187	1072	99.503	287.431
rna-XR_002636599.1	4711	4596	428.458	288.681
rna-XR_002639766.1	5237	5122	468	282.941
rna-XR_002639642.1	881	768.994	11.1832	45.0332
rna-XR_002639641.1	1139	1024	0	0
rna-XR_002636930.1	710	599.565	4.85497	25.0749
rna-XR_002638482.1	3558	3443	374.286	336.633
rna-XR_002637529.1	881	768.994	48.9278	197.025
rna-XR_002634513.1	2408	2293	42	56.7199
rna-XR_002636295.1	2793	2678	20.0838	23.2234
rna-XR_002636739.1	1044	928.996	25	83.3328
rna-XR_002637883.1	1089	973.996	9	28.6138
rna-XR_002637436.1	5253	5138	709.577	427.657
rna-XR_002637437.1	1786	1671	40.1482	74.4013
rna-XR_002638150.1	8865	8750	494.893	175.143
rna-XR_002639268.1	1747	1632	166.894	316.672
rna-XR_002637603.1	1350	1235	129.731	325.289
rna-XR_002637605.1	1768	1653	85	159.234
rna-XR_002637668.1	4890	4775	845	547.991
rna-XR_002637647.1	2918	2803	501	553.484
rna-XR_002638534.1	706	595.565	31	161.184
rna-XR_002638628.1	4763	4648	307.876	205.116
rna-XR_002638629.1	4763	4648	307.876	205.116
rna-XR_002639363.1	1283	1168	19.4726	51.6264
rna-XR_002639364.1	1455	1340	26	60.0841
rna-XR_002635622.1	676	565.923	24	131.324
rna-XR_002635617.1	14178	14063	3477.63	765.765
rna-XR_002635618.1	1900	1785	5.25229	9.11173
rna-XR_002635619.1	1900	1785	5.25229	9.11173
rna-XR_002638255.1	1614	1499	79.6224	164.484
rna-XR_002637606.1	1098	982.996	32.4209	102.132
rna-XR_002637747.1	1552	1437	27	58.1832
rna-XR_002637642.1	2126	2011	666.047	1025.61
rna-XR_002637006.1	2188	2073	203.052	303.318
rna-XR_002638214.1	1494	1379	37	83.0861
rna-XR_002634024.1	3566	3451	13.6212	12.2225
rna-XR_002638541.1	2020	1905	273.975	445.355
rna-XR_002635887.1	4438	4323	1176.81	842.97
rna-XR_002635890.1	1396	1281	14	33.8431
rna-XR_002636668.1	2129	2014	0	0
rna-XR_002637607.1	735	624.523	0	0
rna-XR_002634785.1	4446	4331	4.52449	3.23498
rna-XR_002634783.1	4436	4321	27.9538	20.033
rna-XR_002637655.1	1865	1750	165	291.969
rna-XR_002637084.1	2130	2015	11	16.9047
rna-XR_002637018.1	1396	1281	0	0
rna-XR_002635856.1	6437	6322	1253.55	614.012
rna-XR_002634460.1	3633	3518	68.3788	60.1888
rna-XR_002634111.1	3100	2985	0	0
rna-XR_002634121.1	3225	3110	30	29.8711
rna-XR_002637961.1	1742	1627	23	43.7755
rna-XR_002634651.1	1493	1378	35.1089	78.8968
rna-XR_002634398.1	4048	3933	21.5628	16.9774
rna-XR_002634436.1	1850	1735	46.087	82.2565
rna-XR_002638323.1	3712	3597	112.93	97.2206
rna-XR_002638318.1	16421	16306	329.071	62.4931
rna-XR_002638320.1	16421	16306	329.071	62.4931
rna-XR_002638321.1	16421	16306	329.071	62.4931
rna-XR_002638278.1	2480	2365	14.2403	18.6457
rna-XR_002638279.1	2223	2108	0	0
rna-XR_002638270.1	3586	3471	75.2853	67.1654
rna-XR_002638272.1	3586	3471	75.2853	67.1654
rna-XR_002638277.1	3586	3471	75.2853	67.1654
rna-XR_002638052.1	2758	2643	698.488	818.374
rna-XR_002637577.1	497	388.645	18	143.42
rna-XR_002637581.1	1435	1320	10	23.4594
rna-XR_002637576.1	652	542.151	12	68.5411
rna-XR_002638049.1	1279	1164	225	598.578
rna-XR_002638048.1	5966	5851	889.174	470.594
rna-XR_002637664.1	778	667.344	15.8329	73.4685
rna-XR_002634866.1	1305	1190	11	28.6244
rna-XR_002634137.1	1682	1567	69.3773	137.101
rna-XR_002639373.1	9842	9727	642.997	204.701
rna-XR_002638923.1	447	338.995	37	337.985
rna-XR_002638924.1	1436	1321	232	543.846
rna-XR_002638202.1	6814	6699	68.4079	31.6218
rna-XR_002638203.1	6814	6699	68.4079	31.6218
rna-XR_002638204.1	6814	6699	68.4079	31.6218
rna-XR_002638205.1	6814	6699	68.4079	31.6218
rna-XR_002638206.1	6814	6699	68.4079	31.6218
rna-XR_002637672.1	16611	16496	77.6182	14.5705
rna-XR_002637474.1	1286	1171	8.18124	21.6348
rna-XR_002637435.1	1704	1589	24.8188	48.3668
rna-XR_002636112.1	26579	26464	6106.58	714.55
rna-XR_002638767.1	8837	8722	184	65.3268
rna-XR_002635684.1	1317	1202	8.52594	21.9649
rna-XR_002634696.1	1468	1353	0	0
rna-XR_002634699.1	923	809.386	0.666543	2.55013
rna-XR_002634692.1	1516	1401	47.3896	104.746
rna-XR_002635449.1	3523	3408	563.005	511.567
rna-XR_002637485.1	17567	17452	369.075	65.4876
rna-XR_002637484.1	6567	6452	74.5264	35.7689
rna-XR_002638388.1	675	564.923	7	38.3706
rna-XR_002636185.1	8085	7970	26.1042	10.1424
rna-XR_002636192.1	8083	7968	35.1544	13.6622
rna-XR_002636183.1	8066	7951	442.671	172.405
rna-XR_002636190.1	8066	7951	442.671	172.405
rna-XR_002636184.1	8065	7950	513.885	200.165
rna-XR_002636189.1	8065	7950	513.885	200.165
rna-XR_002637601.1	17568	17453	492.94	87.4608
rna-XR_002638636.1	4843	4728	288.969	189.262
rna-XR_002637671.1	1478	1363	25	56.7983
rna-XR_002636291.1	2008	1893	29	47.4393
rna-XR_002637960.1	858	746.72	28	116.115
rna-XR_002637517.1	3896	3781	879.525	720.33
rna-XR_002634610.1	1591	1476	147.426	309.299
rna-XR_002634612.1	1462	1347	14.2652	32.7944
rna-XR_002634617.1	1472	1357	0.00221072	0.00504482
rna-XR_002637016.1	1284	1169	7.47406	19.7986
rna-XR_002638146.1	909	795.496	118	459.339
rna-XR_002636834.1	6279	6164	59.7623	30.023
rna-XR_002636833.1	9294	9179	243.555	82.166
rna-XR_002635793.1	840	728.822	4	16.9953
rna-XR_002639774.1	5425	5310	149.902	87.4184
rna-XR_002639776.1	5425	5310	149.902	87.4184
rna-XR_002638969.1	1288	1173	71.8284	189.622
rna-XR_002638910.1	1127	1012	27	82.618
rna-XR_002637830.1	1769	1654	139.696	261.54
rna-XR_002637831.1	3233	3118	661.429	656.897
rna-XR_002637832.1	1827	1712	40	72.3514
rna-XR_002634053.1	2717	2602	129	153.523
rna-XR_002636597.1	3071	2956	99.0253	103.737
rna-XR_002636381.1	1987	1872	247	408.584
rna-XR_002639724.1	9529	9414	10.7402	3.53286
rna-XR_002639723.1	11932	11817	5.8492	1.53278
rna-XR_002639725.1	11932	11817	5.8492	1.53278
rna-XR_002634050.1	1693	1578	20	39.2477
rna-XR_002638619.1	18267	18152	702.619	119.863
rna-XR_002638620.1	18270	18155	577.564	98.513
rna-XR_002638618.1	5387	5272	174.552	102.528
rna-XR_002635109.1	3583	3468	528.868	472.236
rna-XR_002634936.1	4886	4771	145.319	94.3196
rna-XR_002634939.1	6949	6834	86.1289	39.0269
rna-XR_002639204.1	13715	13600	2901.68	660.694
rna-XR_002638136.1	1546	1431	5	10.8199
rna-XR_002637401.1	2095	1980	149	233.03
rna-XR_002638635.1	2231	2116	47	68.7817
rna-XR_002638367.1	1191	1076	13	37.413
rna-XR_002638368.1	1069	953.996	0	0
rna-XR_002639639.1	3931	3816	463.001	375.72
rna-XR_002633819.1	3320	3205	123.508	119.332
rna-XR_002633818.1	3319	3204	178.825	172.833
rna-XR_002635626.1	2122	2007	10.9136	16.8389
rna-XR_002635627.1	2125	2010	1.85621	2.85971
rna-XR_002635683.1	1802	1687	16.989	31.1849
rna-XR_002634054.1	3514	3399	1249.76	1138.59
rna-XR_002635957.1	15209	15094	935.146	191.851
rna-XR_002638153.1	4403	4288	78.8514	56.9436
rna-XR_002638872.1	4714	4599	26.3344	17.7317
rna-XR_002638873.1	4706	4591	0	0
rna-XR_002634501.1	6852	6737	825.043	379.228
rna-XR_002639721.1	1365	1250	1075.18	2663.56
rna-XR_002638249.1	383	275.774	0	0
rna-XR_002638668.1	394	286.659	0	0
rna-XR_002638597.1	395	287.659	0	0
rna-XR_002638483.1	588	478.924	4	25.8633
rna-XR_002637845.1	4026	3911	176.181	139.496
rna-XR_002637904.1	3407	3292	35	32.9229
rna-XR_002637903.1	3004	2889	0	0
rna-XR_002637180.1	1621	1506	17	34.9554
rna-XR_002638971.1	18140	18025	4178.99	717.936
rna-XR_002638972.1	3166	3051	0	0
rna-XR_002640012.1	1574	1459	17.8631	37.9133
rna-XR_002639994.1	5107	4992	0	0
rna-XR_002640000.1	5281	5166	260.905	156.393
rna-XR_002636552.1	23030	22915	0.218262	0.0294949
rna-XR_002636549.1	23979	23864	859.137	111.483
rna-XR_002636543.1	16093	15978	0	0
rna-XR_002636547.1	24004	23889	1498.37	194.227
rna-XR_002639955.1	4145	4030	1173	901.328
rna-XR_002639855.1	2060	1945	115	183.092
rna-XR_002636616.1	4861	4746	812.765	530.307
rna-XR_002634343.1	17239	17124	1491.42	269.703
rna-XR_002634344.1	17236	17121	0.153918	0.0278387
rna-XR_002634346.1	17236	17121	0.153918	0.0278387
rna-XR_002634347.1	17234	17119	0.176791	0.0319796
rna-XR_002635776.1	1993	1878	187.526	309.213
rna-XR_002633734.1	1473	1358	203.505	464.052
rna-XR_002635327.1	6895	6780	994.546	454.24
rna-XR_002635815.1	2079	1964	21.4207	33.774
rna-XR_002633725.1	4845	4730	334	218.663
rna-XR_002636556.1	1532	1417	125.36	273.956
rna-XR_002636914.1	3481	3366	873.892	803.959
rna-XR_002638149.1	2166	2051	67.5795	102.033
rna-XR_002634988.1	426	318.177	0	0
rna-XR_002637826.1	1139	1024	33.349	100.85
rna-XR_002637828.1	831	719.971	29	124.731
rna-XR_002637835.1	2857	2742	259.762	293.359
rna-XR_002638152.1	1269	1154	116.471	312.54
rna-XR_002636253.1	436	328.11	100	943.778
rna-XR_002637898.1	2914	2799	67.7304	74.9327
rna-XR_002637899.1	2914	2799	67.7304	74.9327
rna-XR_002637900.1	2914	2799	67.7304	74.9327
rna-XR_002637901.1	1384	1269	10	24.4022
rna-XR_002637897.1	911	797.496	52.815	205.078
rna-XR_002637877.1	3215	3100	94.2696	94.1673
rna-XR_002637878.1	3215	3100	94.2696	94.1673
rna-XR_002637879.1	3215	3100	94.2696	94.1673
rna-XR_002637516.1	3955	3840	340.373	274.482
rna-XR_002637679.1	2492	2377	30.806	40.1325
rna-XR_002637580.1	411	303.433	4.31258	44.0113
rna-XR_002637800.1	868	756.566	11.6874	47.8367
rna-XR_002637869.1	10703	10588	167.277	48.923
rna-XR_002637822.1	4028	3913	248	196.26
rna-XR_002637616.1	13901	13786	204.875	46.0194
rna-XR_002637617.1	13901	13786	204.875	46.0194
rna-XR_002637618.1	13901	13786	204.875	46.0194
rna-XR_002637619.1	13901	13786	204.875	46.0194
rna-XR_002637620.1	13901	13786	204.875	46.0194
rna-XR_002637621.1	13901	13786	204.875	46.0194
rna-XR_002637622.1	13901	13786	204.875	46.0194
rna-XR_002637623.1	13901	13786	204.875	46.0194
rna-XR_002637658.1	1032	916.996	10.006	33.7896
rna-XR_002637711.1	3138	3023	467.215	478.596
rna-XR_002637741.1	5733	5618	648.018	357.187
rna-XR_002637662.1	4578	4463	135	93.6692
rna-XR_002637416.1	508	399.537	19.8911	154.167
rna-XR_002637567.1	2997	2882	303.763	326.386
rna-XR_002637637.1	1295	1180	5	13.1214
rna-XR_002637638.1	986	871.176	5	17.7727
rna-XR_002637455.1	665	555	5	27.8976
rna-XR_002637440.1	11122	11007	1344.66	378.296
rna-XR_002637438.1	2143	2028	0.635192	0.969901
rna-XR_002637439.1	2143	2028	0.635192	0.969901
rna-XR_002637382.1	25674	25559	431.594	52.2903
rna-XR_002637381.1	12357	12242	2053.47	519.429
rna-XR_002637842.1	2037	1922	48.9756	78.9073
rna-XR_002637553.1	749	638.523	29	140.641
rna-XR_002637765.1	5544	5429	2425	1383.19
rna-XR_002637725.1	3485	3370	17.8865	16.4356
rna-XR_002637726.1	3485	3370	17.8865	16.4356
rna-XR_002637727.1	3384	3269	0	0
rna-XR_002637442.1	3907	3792	478.466	390.726
rna-XR_002637865.1	3388	3273	229.419	217.057
rna-XR_002637615.1	1129	1014	9	27.485
rna-XR_002637866.1	3151	3036	214.447	218.73
rna-XR_002637489.1	3027	2912	12.4712	13.2619
rna-XR_002637384.1	48779	48664	2330.87	148.32
rna-XR_002637510.1	2734	2619	143.63	169.824
rna-XR_002637508.1	11859	11744	1269.5	334.738
rna-XR_002637507.1	17360	17245	1479.53	265.675
rna-XR_002637426.1	6595	6480	230.301	110.055
rna-XR_002637431.1	3271	3156	466	457.235
rna-XR_002637389.1	1320	1205	0	0
rna-XR_002637388.1	3353	3238	28.2261	26.9938
rna-XR_002637390.1	1379	1264	15	36.7481
rna-XR_002637775.1	3235	3120	164.646	163.413
rna-XR_002637774.1	3231	3116	753.922	749.237
rna-XR_002637754.1	6410	6295	794.39	390.776
rna-XR_002637551.1	1823	1708	168.088	304.747
rna-XR_002637501.1	865	753.566	33.2407	136.596
rna-XR_002637502.1	347	240.235	0	0
rna-XR_002637570.1	2710	2595	80.265	95.7809
rna-XR_002637571.1	3569	3454	113.433	101.697
rna-XR_002637568.1	6683	6568	1079.76	509.079
rna-XR_002637569.1	6683	6568	1079.76	509.079
rna-XR_002637867.1	6292	6177	933.661	468.06
rna-XR_002637873.1	645	535.224	14	80.9994
rna-XR_002637863.1	3063	2948	0	0
rna-XR_002637695.1	3607	3492	256.072	227.079
rna-XR_002637847.1	2060	1945	168.142	267.699
rna-XR_002637697.1	7653	7538	1953.27	802.41
rna-XR_002637409.1	3634	3519	213.21	187.62
rna-XR_002637481.1	13068	12953	219	52.3557
rna-XR_002637628.1	41970	41855	1809.94	133.908
rna-XR_002637629.1	39924	39809	53.773	4.18285
rna-XR_002637627.1	39887	39772	162	12.6133
rna-XR_002637630.1	39887	39772	162	12.6133
rna-XR_002637631.1	39887	39772	162	12.6133
rna-XR_002637632.1	39887	39772	162	12.6133
rna-XR_002637503.1	3833	3718	356.813	297.181
rna-XR_002637586.1	4351	4236	979.546	716.076
rna-XR_002637892.1	7372	7257	1081.45	461.467
rna-XR_002637405.1	2123	2008	5.11142	7.88257
rna-XR_002637660.1	6483	6368	539.613	262.403
rna-XR_002637661.1	6483	6368	539.613	262.403
rna-XR_002637811.1	5953	5838	236.369	125.377
rna-XR_002637812.1	5953	5838	236.369	125.377
rna-XR_002637527.1	2044	1929	68.1989	109.48
rna-XR_002637490.1	931	817.33	1015	3845.55
rna-XR_002637750.1	1665	1550	138	275.701
rna-XR_002637749.1	3999	3884	132	105.241
rna-XR_002637751.1	1302	1187	107	279.141
rna-XR_002637574.1	3821	3706	215.173	179.793
rna-XR_002637575.1	1947	1832	591	998.97
rna-XR_002637420.1	4988	4873	181.375	115.258
rna-XR_002637690.1	4077	3962	601.429	470.067
rna-XR_002637757.1	5398	5283	313.543	183.784
rna-XR_002637740.1	3510	3395	896.64	817.84
rna-XR_002637821.1	852	740.771	36.97	154.545
rna-XR_002637478.1	1604	1489	24.8525	51.6852
rna-XR_002637477.1	489	380.724	5.47539	44.5343
rna-XR_002637805.1	3158	3043	562.161	572.07
rna-XR_002637804.1	1717	1602	134	259.02
rna-XR_002637803.1	4128	4013	390.034	300.97
rna-XR_002637428.1	2552	2437	171.48	217.895
rna-XR_002637848.1	1729	1614	20	38.3722
rna-XR_002637475.1	3337	3222	136.476	131.166
rna-XR_002637471.1	873	761.307	15.6327	63.5865
rna-XR_002637808.1	1758	1643	94.1004	177.356
rna-XR_002637392.1	1482	1367	5	11.3264
rna-XR_002637504.1	2535	2420	0	0
rna-XR_002637505.1	1120	1005	0	0
rna-XR_002637868.1	1931	1816	287.404	490.081
rna-XR_002637792.1	1123	1008	95.8251	294.381
rna-XR_002637889.1	1334	1219	10	25.4031
rna-XR_002637446.1	2638	2523	594.158	729.248
rna-XR_002637444.1	5063	4948	88.7397	55.5365
rna-XR_002637445.1	5063	4948	88.7397	55.5365
rna-XR_002637391.1	2459	2344	148.916	196.732
rna-XR_002637834.1	4849	4734	513.823	336.105
rna-XR_002637447.1	1258	1143	57	154.426
rna-XR_002637693.1	6339	6224	539.659	268.497
rna-XR_002637500.1	10712	10597	1582.78	462.517
rna-XR_002637844.1	1421	1306	37	87.7303
rna-XR_002637732.1	15740	15625	2361.42	467.998
rna-XR_002637397.1	5969	5854	301.201	159.329
rna-XR_002637793.1	11134	11019	1648.53	463.281
rna-XR_002637513.1	6004	5889	66.4551	34.9443
rna-XR_002637514.1	6004	5889	66.4551	34.9443
rna-XR_002637492.1	762	651.479	147	698.726
rna-XR_002637591.1	763	652.434	9.53321	45.2473
rna-XR_002637588.1	1427	1312	1.46347	3.45416
rna-XR_002637589.1	1427	1312	1.46347	3.45416
rna-XR_002637590.1	1037	921.996	10.4319	35.0366
rna-XR_002637592.1	3381	3266	208.533	197.719
rna-XR_002637379.1	3943	3828	48.2644	39.0432
rna-XR_002637896.1	1301	1186	24.6302	64.3094
rna-XR_002637730.1	2740	2625	148.996	175.767
rna-XR_002637902.1	20165	20050	3756.19	580.127
rna-XR_002637876.1	1584	1469	195	411.059
rna-XR_002637742.1	1896	1781	120.926	210.255
rna-XR_002637779.1	1495	1380	108	242.346
rna-XR_002637399.1	1381	1266	12.704	31.0741
rna-XR_002637550.1	726	615.565	20.603	103.644
rna-XR_002637813.1	8574	8459	1688.53	618.129
rna-XR_002637770.1	777	666.344	99	460.072
rna-XR_002637614.1	1283	1168	6.87103	18.2167
rna-XR_002637612.1	4734	4619	482	323.139
rna-XR_002637613.1	3532	3417	308.084	279.199
rna-XR_002637782.1	790	679.16	3	13.6785
rna-XR_002637781.1	3487	3372	303.636	278.84
rna-XR_002637780.1	3618	3503	345.126	305.09
rna-XR_002637850.1	3449	3334	48.2506	44.8154
rna-XR_002637849.1	3579	3464	2.31145	2.06631
rna-XR_002637746.1	4066	3951	120.26	94.2547
rna-XR_002637745.1	4064	3949	0.0053153	0.00416803
rna-XR_002637464.1	6301	6186	236.288	118.283
rna-XR_002637465.1	6301	6186	236.288	118.283
rna-XR_002637467.1	6929	6814	25.7966	11.7233
rna-XR_002637466.1	9234	9119	162.203	55.0811
rna-XR_002637457.1	5846	5731	200.147	108.146
rna-XR_002637463.1	5847	5732	162.735	87.9155
rna-XR_002637459.1	6409	6294	3.8181	1.8785
rna-XR_002637458.1	6554	6439	17.7801	8.55077
rna-XR_002637460.1	6555	6440	14.7893	7.11133
rna-XR_002637461.1	6555	6440	14.7893	7.11133
rna-XR_002637462.1	6555	6440	14.7893	7.11133
rna-XR_002637855.1	1317	1202	70	180.337
rna-XR_002637698.1	1288	1173	26	68.6383
rna-XR_002637482.1	3297	3182	94.117	91.5921
rna-XR_002637649.1	6270	6155	98	49.3047
rna-XR_002637498.1	26967	26852	0	0
rna-XR_002637499.1	26967	26852	0	0
rna-XR_002637495.1	27485	27370	0	0
rna-XR_002637497.1	27624	27509	0	0
rna-XR_002637496.1	36948	36833	1239.79	104.232
rna-XR_002637294.1	3472	3357	235.172	216.932
rna-XR_002637814.1	1140	1025	0	0
rna-XR_002637815.1	1189	1074	2.50454	7.22129
rna-XR_002637398.1	1231	1116	7.65766	21.2482
rna-XR_002637755.1	1069	953.996	0	0
rna-XR_002637657.1	346	239.235	10	129.439
rna-XR_002637656.1	1593	1478	52.0274	109.006
rna-XR_002637406.1	1445	1330	15.5256	36.1483
rna-XR_002637429.1	1108	992.996	6.31218	19.6844
rna-XR_002637456.1	1947	1832	89.1422	150.678
rna-XR_002637893.1	2899	2784	2	2.2246
rna-XR_002637385.1	3427	3312	115.502	107.992
rna-XR_002637624.1	65604	65489	4019.99	190.084
rna-XR_002637891.1	912	798.496	125	484.76
rna-XR_002637768.1	1859	1744	43	76.3506
rna-XR_002637515.1	5105	4990	533.697	331.195
rna-XR_002637694.1	1585	1470	48.383	101.922
rna-XR_002637798.1	4554	4439	136.027	94.8924
rna-XR_002637600.1	7837	7722	1421	569.842
rna-XR_002637486.1	1725	1610	0	0
rna-XR_002637488.1	1453	1338	8.44605e-05	0.000195474
rna-XR_002637487.1	1441	1326	3.68976	8.6168
rna-XR_002637766.1	42929	42814	586.131	42.3934
rna-XR_002637767.1	42988	42873	2335.85	168.714
rna-XR_002637602.1	4829	4714	282	185.246
rna-XR_002637552.1	924	810.386	7	26.7483
rna-XR_002637894.1	4305	4190	44	32.5184
rna-XR_002637441.1	1880	1765	400.781	703.157
rna-XR_002637864.1	4472	4357	32.471	23.078
rna-XR_002637817.1	2343	2228	129	179.294
rna-XR_002637452.1	1829	1714	95	171.634
rna-XR_002637422.1	1955	1840	71.3667	120.107
rna-XR_002637717.1	2483	2368	1069.36	1398.4
rna-XR_002637716.1	1957	1842	0	0
rna-XR_002637771.1	656	546.076	23	130.426
rna-XR_002637733.1	4243	4128	24.1094	18.0858
rna-XR_002637735.1	4158	4043	0	0
rna-XR_002637736.1	4152	4037	0	0
rna-XR_002637737.1	4152	4037	0	0
rna-XR_002637734.1	4119	4004	0	0
rna-XR_002637692.1	2892	2777	72	80.2873
rna-XR_002637691.1	2557	2442	193	244.738
rna-XR_002637818.1	1685	1570	0	0
rna-XR_002637819.1	3608	3493	31.9142	28.2927
rna-XR_002637776.1	3888	3773	1714.14	1406.86
rna-XR_002637395.1	8015	7900	897.248	351.702
rna-XR_002637396.1	2243	2128	181.048	263.459
rna-XR_002637394.1	1962	1847	135.768	227.625
rna-XR_002637872.1	1095	979.996	17.2547	54.522
rna-XR_002637598.1	1987	1872	60.365	99.855
rna-XR_002637718.1	1088	972.996	8.74534	27.8327
rna-XR_002637769.1	2388	2273	215.457	293.529
rna-XR_002637451.1	1346	1231	496	1247.71
rna-XR_002637480.1	3551	3436	36.6015	32.9865
rna-XR_002637427.1	5197	5082	28.7982	17.5477
rna-XR_002637874.1	3816	3701	0	0
rna-XR_002637393.1	933	819.33	142	536.684
rna-XR_002637704.1	1593	1478	138.739	290.68
rna-XR_002637870.1	2925	2810	3.63152	4.00196
rna-XR_002637373.1	6363	6248	781.908	387.529
rna-XR_002637887.1	8096	7981	509.139	197.546
rna-XR_002637402.1	6319	6204	137.241	68.5017
rna-XR_002637449.1	339	232.332	5.27782	70.3452
rna-XR_002637739.1	4394	4279	107.048	77.4689
rna-XR_002637738.1	2912	2797	0	0
rna-XR_002637743.1	2810	2695	810.047	930.769
rna-XR_002637744.1	2809	2694	549.314	631.412
rna-XR_002637801.1	1507	1392	1.58931	3.53558
rna-XR_002637802.1	1507	1392	1.58931	3.53558
rna-XR_002637377.1	5733	5618	0	0
rna-XR_002637376.1	5829	5714	1.05287e-08	5.70588e-09
rna-XR_002637375.1	6008	5893	23.6642	12.435
rna-XR_002637374.1	4679	4564	1.85907	1.26136
rna-XR_002637378.1	4678	4563	2.41082	1.63608
rna-XR_002637699.1	1507	1392	16.3069	36.2763
rna-XR_002637450.1	4834	4719	45	29.5293
rna-XR_002637555.1	1378	1263	1	2.45181
rna-XR_002637479.1	3065	2950	30.9625	32.5015
rna-XR_002637723.1	829	717.971	5	21.5652
rna-XR_002637721.1	7659	7544	659.065	270.531
rna-XR_002637722.1	3242	3127	44.8838	44.448
rna-XR_002637720.1	3501	3386	431.647	394.759
rna-XR_002637654.1	4056	3941	158	124.148
rna-XR_002637564.1	2526	2411	82.3181	105.728
rna-XR_002637823.1	2493	2378	0	0
rna-XR_002637824.1	3517	3402	197.347	179.633
rna-XR_002637547.1	1660	1545	120	240.516
rna-XR_002637546.1	4150	4035	156.002	119.723
rna-XR_002637543.1	4003	3888	0.85932	0.684414
rna-XR_002637544.1	3994	3879	13.4226	10.7154
rna-XR_002637545.1	3981	3866	0	0
rna-XR_002637578.1	5053	4938	1294.61	811.856
rna-XR_002637579.1	1350	1235	214	536.584
rna-XR_002637841.1	1222	1107	31.3235	87.622
rna-XR_002637840.1	791	680.16	0	0
rna-XR_002637837.1	802	691.067	0	0
rna-XR_002637838.1	2206	2091	61.6765	91.3391
rna-XR_002637839.1	2330	2215	0	0
rna-XR_002637417.1	6610	6495	472.259	225.16
rna-XR_002637411.1	1006	890.996	8.66281	30.1074
rna-XR_002637701.1	16148	16033	438.963	84.7818
rna-XR_002637702.1	12493	12378	76.1942	19.0617
rna-XR_002637700.1	12472	12357	30.0577	7.53238
rna-XR_002637728.1	3202	3087	137.811	138.242
rna-XR_002637415.1	1441	1326	5506	12858.3
rna-XR_002637763.1	1615	1500	63.7329	131.572
rna-XR_002637760.1	6226	6111	99.7219	50.5322
rna-XR_002637761.1	6226	6111	99.7219	50.5322
rna-XR_002637762.1	6221	6106	263.266	133.514
rna-XR_002637759.1	6219	6104	388.269	196.974
rna-XR_002637758.1	6220	6105	319.711	162.167
rna-XR_002637790.1	5446	5331	589.879	342.645
rna-XR_002637625.1	4972	4857	27.5	17.5329
rna-XR_002637626.1	4972	4857	27.5	17.5329
rna-XR_002637383.1	1605	1490	89	184.967
rna-XR_002637852.1	3940	3825	412.989	334.347
rna-XR_002637653.1	9657	9542	895.211	290.52
rna-XR_002637413.1	2128	2013	20.8811	32.1218
rna-XR_002637795.1	2025	1910	8.62383	13.9816
rna-XR_002637548.1	2223	2108	399.129	586.318
rna-XR_002637846.1	2305	2190	134	189.475
rna-XR_002637483.1	11964	11849	1796.07	469.387
rna-XR_002637645.1	408	300.537	3.54241	36.4999
rna-XR_002637644.1	2516	2401	215.87	278.413
rna-XR_002637859.1	5810	5695	9.91301	5.39016
rna-XR_002637856.1	5814	5699	4.31082	2.34235
rna-XR_002637862.1	6107	5992	0	0
rna-XR_002637857.1	6501	6386	8.87714	4.30461
rna-XR_002637858.1	6501	6386	8.87714	4.30461
rna-XR_002637860.1	6501	6386	8.87714	4.30461
rna-XR_002637861.1	6501	6386	8.87714	4.30461
rna-XR_002637566.1	1824	1709	826	1496.68
rna-XR_002637773.1	9234	9119	740.517	251.465
rna-XR_002637494.1	11152	11037	699.091	196.143
rna-XR_002637724.1	2885	2770	49.5844	55.4313
rna-XR_002637582.1	499	390.618	17	134.768
rna-XR_002637827.1	4394	4279	189.447	137.099
rna-XR_002637777.1	1094	978.996	267	844.54
rna-XR_002637783.1	1950	1835	3.96753	6.69538
rna-XR_002637784.1	1950	1835	3.96753	6.69538
rna-XR_002637785.1	1951	1836	2.07923	3.50688
rna-XR_002637809.1	1611	1496	20.5096	42.4538
rna-XR_002637810.1	1604	1489	0	0
rna-XR_002638545.1	2423	2308	215.341	288.922
rna-XR_002638546.1	1985	1870	17.7073	29.3226
rna-XR_002638473.1	3501	3386	107.868	98.65
rna-XR_002638588.1	6190	6075	245.397	125.087
rna-XR_002638589.1	6190	6075	245.397	125.087
rna-XR_002638535.1	2373	2258	0	0
rna-XR_002638544.1	839	727.872	30.104	128.074
rna-XR_002638519.1	859	747.72	5.04383	20.8887
rna-XR_002638267.1	3097	2982	31.2295	32.43
rna-XR_002638312.1	867	755.566	6.60275	27.0609
rna-XR_002638002.1	1002	886.996	60	209.469
rna-XR_002638218.1	2697	2582	390	467.734
rna-XR_002638216.1	2284	2169	13.084	18.6797
rna-XR_002638217.1	2284	2169	13.084	18.6797
rna-XR_002638215.1	2127	2012	8	12.3127
rna-XR_002638008.1	6720	6605	125.582	58.8768
rna-XR_002638009.1	6714	6599	369.006	173.159
rna-XR_002638007.1	6713	6598	441.665	207.286
rna-XR_002638458.1	2893	2778	60	66.882
rna-XR_002638550.1	2589	2474	73.8495	92.4354
rna-XR_002638598.1	2908	2793	422.702	468.656
rna-XR_002638212.1	795	684.113	21.2565	96.2172
rna-XR_002638564.1	9552	9437	112.026	36.7599
rna-XR_002638563.1	9551	9436	127.028	41.6872
rna-XR_002638565.1	9551	9436	127.028	41.6872
rna-XR_002638566.1	1390	1275	10.07	24.4575
rna-XR_002637968.1	1252	1137	82.0978	223.595
rna-XR_002638533.1	4765	4650	191.004	127.198
rna-XR_002638074.1	752	641.523	153	738.531
rna-XR_002638603.1	1632	1517	10867	22182.7
rna-XR_002638026.1	2168	2053	14.3669	21.6703
rna-XR_002638553.1	10627	10512	133.356	39.2842
rna-XR_002637975.1	2367	2252	24.0781	33.1088
rna-XR_002638135.1	7113	6998	196.987	87.1674
rna-XR_002638385.1	4044	3929	83.129	65.518
rna-XR_002638118.1	2564	2449	1	1.26445
rna-XR_002638401.1	937	823.218	70	263.313
rna-XR_002637948.1	7613	7498	1317.33	544.052
rna-XR_002638355.1	11948	11833	406.463	106.369
rna-XR_002638354.1	12014	11899	545.735	142.024
rna-XR_002638357.1	12016	11901	447.111	116.338
rna-XR_002638356.1	12017	11902	404.704	105.295
rna-XR_002638107.1	1889	1774	57.7918	100.88
rna-XR_002638516.1	9097	8982	610.126	210.347
rna-XR_002638311.1	212	109.633	38	1073.33
rna-XR_002638244.1	1101	985.996	10.3642	32.55
rna-XR_002638296.1	645	535.224	5	28.9284
rna-XR_002638617.1	945	831.162	14.6358	54.528
rna-XR_002638484.1	5168	5053	726.054	444.948
rna-XR_002637951.1	1342	1227	12	30.285
rna-XR_002637950.1	3657	3542	70.8227	61.9176
rna-XR_002638439.1	5158	5043	31.4947	19.3392
rna-XR_002638440.1	3840	3725	13.4659	11.1944
rna-XR_002638441.1	3840	3725	13.4659	11.1944
rna-XR_002638059.1	6014	5899	565.524	296.868
rna-XR_002637928.1	1230	1115	16	44.4361
rna-XR_002638559.1	1556	1441	54.4646	117.042
rna-XR_002637952.1	4401	4286	68.6732	49.6164
rna-XR_002637953.1	4774	4659	39.71	26.3935
rna-XR_002637962.1	2587	2472	36.2633	45.4264
rna-XR_002638397.1	3310	3195	180.797	175.231
rna-XR_002638399.1	2949	2834	15.62	17.0675
rna-XR_002638398.1	1091	975.996	0	0
rna-XR_002638395.1	3549	3434	6.95025	6.26744
rna-XR_002638400.1	1027	911.996	155.622	528.406
rna-XR_002638396.1	2561	2446	12.9919	16.4478
rna-XR_002638051.1	2470	2355	50	65.746
rna-XR_002637966.1	1597	1482	108.854	227.45
rna-XR_002638143.1	3300	3185	533.885	519.073
rna-XR_002638330.1	17574	17459	0.00048071	8.52616e-05
rna-XR_002638332.1	17574	17459	0.00048071	8.52616e-05
rna-XR_002638333.1	17574	17459	0.00048071	8.52616e-05
rna-XR_002638336.1	17574	17459	0.00048071	8.52616e-05
rna-XR_002638337.1	17574	17459	0.00048071	8.52616e-05
rna-XR_002638334.1	17350	17235	2153.1	386.85
rna-XR_002638335.1	15839	15724	0	0
rna-XR_002638331.1	7928	7813	0	0
rna-XR_002638042.1	11055	10940	300	84.9168
rna-XR_002638579.1	2489	2374	28	36.5231
rna-XR_002638325.1	17386	17271	242.661	43.5083
rna-XR_002638324.1	17389	17274	197.487	35.4027
rna-XR_002638328.1	17389	17274	197.487	35.4027
rna-XR_002638329.1	17390	17275	184.383	33.0517
rna-XR_002638326.1	17391	17276	2220.96	398.096
rna-XR_002638327.1	17218	17103	1.01978e-08	1.84639e-09
rna-XR_002638513.1	1304	1189	131.004	341.188
rna-XR_002638120.1	3779	3664	82.7476	69.9342
rna-XR_002638289.1	961	846.818	9.23031	33.7533
rna-XR_002638286.1	7203	7088	415.308	181.442
rna-XR_002638288.1	2923	2808	45.2818	49.9363
rna-XR_002638285.1	9388	9273	238.444	79.6264
rna-XR_002638287.1	2730	2615	87.335	103.421
rna-XR_002638081.1	1851	1736	0	0
rna-XR_002638611.1	1937	1822	7	11.8971
rna-XR_002638610.1	2631	2516	36.3106	44.6902
rna-XR_002638613.1	177	78.5097	3.38159	133.379
rna-XR_002638612.1	1886	1771	5	8.74263
rna-XR_002638558.1	2404	2289	206.585	279.475
rna-XR_002638055.1	2852	2737	0	0
rna-XR_002638054.1	2893	2778	1434	1598.48
rna-XR_002638219.1	1164	1049	38.5975	113.94
rna-XR_002638259.1	1327	1212	12.6635	32.355
rna-XR_002638260.1	1796	1681	144.192	265.622
rna-XR_002638539.1	2855	2740	107.615	121.622
rna-XR_002638220.1	2061	1946	20	31.8257
rna-XR_002637976.1	869	757.566	7	28.6132
rna-XR_002638614.1	1486	1371	0	0
rna-XR_002638615.1	3559	3444	323.833	291.171
rna-XR_002637988.1	624	514.514	38	228.705
rna-XR_002638450.1	2557	2442	82	103.982
rna-XR_002638451.1	638	528.407	21	123.067
rna-XR_002638315.1	3787	3672	516.016	435.161
rna-XR_002638514.1	14979	14864	3136.26	653.38
rna-XR_002638405.1	1785	1670	45	83.4424
rna-XR_002638404.1	1252	1137	23	62.641
rna-XR_002638099.1	4678	4563	20.8413	14.1438
rna-XR_002638101.1	4663	4548	14.1349	9.62418
rna-XR_002638100.1	4411	4296	18.2767	13.1742
rna-XR_002638018.1	2233	2118	3884.64	5679.57
rna-XR_002638561.1	1518	1403	337.132	744.104
rna-XR_002638409.1	8080	7965	54.4972	21.1874
rna-XR_002638408.1	966	851.702	18.4483	67.0747
rna-XR_002638109.1	942	828.218	0	0
rna-XR_002638108.1	18803	18688	661.712	109.647
rna-XR_002638031.1	28645	28530	1360.87	147.708
rna-XR_002638073.1	3008	2893	648.596	694.25
rna-XR_002638065.1	1492	1377	8.40146	18.8935
rna-XR_002638023.1	3461	3346	17	15.7331
rna-XR_002638064.1	4169	4054	112.864	86.2105
rna-XR_002638491.1	864	752.566	8	32.9181
rna-XR_002638459.1	3004	2889	63.1713	67.7115
rna-XR_002638200.1	774	663.344	7.51701	35.091
rna-XR_002638017.1	1562	1447	255.035	545.785
rna-XR_002638015.1	3125	3010	3.04367	3.13127
rna-XR_002638016.1	527	418.453	18.9563	140.281
rna-XR_002638014.1	2611	2496	29	35.9786
rna-XR_002638291.1	3419	3304	285.97	268.022
rna-XR_002638434.1	1496	1381	3.59854	8.06907
rna-XR_002637945.1	1491	1376	60.288	135.676
rna-XR_002637944.1	1267	1152	5.65503	15.201
rna-XR_002638477.1	4452	4337	1.39633	0.996987
rna-XR_002638476.1	4446	4331	7.21204	5.15656
rna-XR_002638475.1	4445	4330	9.48417	6.78268
rna-XR_002638053.1	3668	3553	80.4991	70.1594
rna-XR_002638137.1	896	783.25	8	31.6285
rna-XR_002637931.1	28191	28076	658.442	72.6227
rna-XR_002638616.1	3080	2965	532.375	556.011
rna-XR_002638070.1	2503	2388	1.00767	1.30669
rna-XR_002638262.1	11200	11085	2363.94	660.374
rna-XR_002638263.1	10516	10401	0	0
rna-XR_002638261.1	10515	10400	0	0
rna-XR_002638591.1	2737	2622	0	0
rna-XR_002638079.1	1608	1493	63.1848	131.052
rna-XR_002638082.1	3554	3439	376.992	339.461
rna-XR_002638353.1	23408	23293	2318.55	308.234
rna-XR_002638472.1	1019	903.996	72.3686	247.898
rna-XR_002638021.1	6137	6022	636.156	327.124
rna-XR_002638022.1	6077	5962	0.00102652	0.000533167
rna-XR_002638463.1	7077	6962	423.669	188.444
rna-XR_002638465.1	7069	6954	260.894	116.177
rna-XR_002638464.1	7014	6899	2.5469e-06	1.14318e-06
rna-XR_002638130.1	809	698.019	0	0
rna-XR_002638602.1	2745	2630	76.8557	90.4921
rna-XR_002638382.1	1020	904.996	0	0
rna-XR_002638592.1	14301	14186	1123.02	245.141
rna-XR_002638540.1	892	779.517	2	7.945
rna-XR_002638115.1	948	834.048	7	25.9894
rna-XR_002638201.1	12367	12252	463.178	117.066
rna-XR_002638005.1	830	718.971	180	775.266
rna-XR_002638556.1	7099	6984	129.954	57.6203
rna-XR_002638557.1	7524	7409	87.1647	36.431
rna-XR_002638292.1	775	664.344	103	480.102
rna-XR_002638062.1	3366	3251	194	184.789
rna-XR_002637947.1	1609	1494	225	466.362
rna-XR_002637911.1	6915	6800	1602.35	729.692
rna-XR_002637912.1	5062	4947	1192.29	746.327
rna-XR_002638047.1	4899	4784	247.954	160.498
rna-XR_002638046.1	1920	1805	158.152	271.325
rna-XR_002637934.1	1158	1043	15.723	46.6811
rna-XR_002637937.1	968	853.586	23.6027	85.6257
rna-XR_002637935.1	2868	2753	31.0752	34.9541
rna-XR_002637936.1	2868	2753	31.0752	34.9541
rna-XR_002637938.1	3452	3337	91.344	84.7645
rna-XR_002638547.1	3831	3716	0	0
rna-XR_002637995.1	2065	1950	323	512.93
rna-XR_002637994.1	2019	1904	0	0
rna-XR_002637997.1	1227	1112	190	529.103
rna-XR_002637996.1	1260	1145	215	581.466
rna-XR_002638027.1	920	806.441	31	119.036
rna-XR_002638468.1	12028	11913	384.521	99.9515
rna-XR_002638469.1	10493	10378	0	0
rna-XR_002638466.1	10689	10574	77.9538	22.829
rna-XR_002638467.1	9678	9563	149.217	48.3186
rna-XR_002638604.1	2320	2205	60.9521	85.5994
rna-XR_002638254.1	1614	1499	0	0
rna-XR_002638349.1	1328	1213	153.6	392.121
rna-XR_002638470.1	1507	1392	21.6608	48.1865
rna-XR_002638493.1	2344	2229	58.7236	81.5818
rna-XR_002638011.1	9692	9577	301.628	97.5287
rna-XR_002637929.1	2795	2680	112.719	130.243
rna-XR_002638452.1	2272	2157	82	117.721
rna-XR_002638257.1	4722	4607	112.24	75.4429
rna-XR_002638258.1	1393	1278	344	833.525
rna-XR_002638003.1	980	865.294	39.1526	140.116
rna-XR_002638362.1	2208	2093	175.41	259.523
rna-XR_002638363.1	4533	4418	100	70.0913
rna-XR_002638268.1	15988	15873	255.998	49.9422
rna-XR_002638269.1	15988	15873	255.998	49.9422
rna-XR_002637913.1	3276	3161	59.5205	58.3085
rna-XR_002638075.1	1168	1053	10	29.4078
rna-XR_002638222.1	4231	4116	61.9612	46.616
rna-XR_002638223.1	3766	3651	27.0388	22.9332
rna-XR_002638574.1	3750	3635	1555.02	1324.71
rna-XR_002638575.1	2680	2565	1396.9	1686.43
rna-XR_002638386.1	1734	1619	16	30.603
rna-XR_002638387.1	729	618.523	7	35.0455
rna-XR_002638594.1	3267	3152	197.309	193.844
rna-XR_002638590.1	2540	2425	472	602.727
rna-XR_002638536.1	1938	1823	10	16.9865
rna-XR_002638531.1	6591	6476	729.229	348.696
rna-XR_002638057.1	4895	4780	485.301	314.394
rna-XR_002638412.1	2393	2278	50.2913	68.3643
rna-XR_002638587.1	17983	17868	461.686	80.0131
rna-XR_002638586.1	17980	17865	563.422	97.6609
rna-XR_002638537.1	23440	23325	704.591	93.5417
rna-XR_002638538.1	23440	23325	704.591	93.5417
rna-XR_002638319.1	5808	5693	126.954	69.0552
rna-XR_002638114.1	3990	3875	0	0
rna-XR_002638112.1	4756	4641	84.6766	56.4992
rna-XR_002638113.1	4756	4641	84.6766	56.4992
rna-XR_002638428.1	3789	3674	458.612	386.542
rna-XR_002638429.1	3789	3674	458.612	386.542
rna-XR_002638067.1	3167	3052	440	446.435
rna-XR_002638596.1	4148	4033	124.802	95.8259
rna-XR_002638369.1	4630	4515	385.894	264.667
rna-XR_002638294.1	3587	3472	45.8397	40.8839
rna-XR_002638225.1	750	639.523	11.0812	53.6561
rna-XR_002638050.1	743	632.523	4	19.5827
rna-XR_002638060.1	3066	2951	32.0694	33.6521
rna-XR_002638515.1	722	611.565	8	40.5076
rna-XR_002638521.1	1578	1463	9	19.0497
rna-XR_002638490.1	1870	1755	96	169.389
rna-XR_002638039.1	2649	2534	184.629	225.623
rna-XR_002638344.1	2159	2044	49	74.2345
rna-XR_002638117.1	2283	2168	210.636	300.86
rna-XR_002637985.1	3279	3164	284.859	278.794
rna-XR_002637986.1	3098	2983	0	0
rna-XR_002638525.1	2309	2194	144.028	203.282
rna-XR_002638104.1	2438	2323	143	190.624
rna-XR_002637949.1	2239	2124	19	27.7006
rna-XR_002638584.1	3480	3365	445.921	410.358
rna-XR_002638605.1	718	607.565	0	0
rna-XR_002638606.1	708	597.565	6	31.0925
rna-XR_002637914.1	1095	979.996	7	22.1189
rna-XR_002637915.1	1021	905.996	12	41.0152
rna-XR_002638444.1	592	482.924	20	128.245
rna-XR_002638071.1	658	548.076	10	56.5001
rna-XR_002638437.1	1427	1312	916.736	2163.72
rna-XR_002638438.1	1446	1331	350.264	814.907
rna-XR_002638595.1	1154	1039	3	8.94123
rna-XR_002638599.1	919	805.496	9	34.5994
rna-XR_002638518.1	1749	1634	18	34.1123
rna-XR_002638210.1	943	829.218	14.5643	54.3891
rna-XR_002638058.1	909	795.496	11.463	44.6221
rna-XR_002638111.1	2365	2250	114.413	157.464
rna-XR_002637939.1	6449	6334	1506.15	736.343
rna-XR_002638471.1	9201	9086	88	29.9916
rna-XR_002638360.1	632	522.479	41	242.999
rna-XR_002638361.1	229	125.562	22	542.566
rna-XR_002638551.1	2111	1996	31.6464	49.097
rna-XR_002638567.1	2091	1976	52	81.4905
rna-XR_002637940.1	4308	4193	1272.81	939.999
rna-XR_002638462.1	5745	5630	280	154.007
rna-XR_002638448.1	2229	2114	0	0
rna-XR_002638449.1	2182	2067	236.925	354.945
rna-XR_002638142.1	6075	5960	0	0
rna-XR_002638138.1	6471	6356	0	0
rna-XR_002638139.1	6472	6357	0	0
rna-XR_002638141.1	6476	6361	51.0123	24.8336
rna-XR_002638140.1	6324	6209	0	0
rna-XR_002638030.1	3246	3131	26	25.7146
rna-XR_002638029.1	3245	3130	0	0
rna-XR_002638105.1	11820	11705	1447.7	382.998
rna-XR_002638106.1	9141	9026	0	0
rna-XR_002638134.1	6897	6782	741.597	338.61
rna-XR_002638133.1	6889	6774	550.672	251.732
rna-XR_002638578.1	2953	2838	18.9665	20.695
rna-XR_002638601.1	443	335.019	11	101.675
rna-XR_002638585.1	643	533.334	184	1068.34
rna-XR_002637930.1	903	789.821	20	78.4136
rna-XR_002638457.1	5785	5670	187.211	102.244
rna-XR_002638456.1	5850	5735	613.019	331.002
rna-XR_002637967.1	1857	1742	28.0469	49.8571
rna-XR_002638086.1	11999	11884	3.98551	1.03851
rna-XR_002638085.1	12046	11931	1269.37	329.46
rna-XR_002638390.1	566	457.245	7	47.4066
rna-XR_002638380.1	5999	5884	0	0
rna-XR_002638379.1	6100	5985	0.20119	0.104095
rna-XR_002638377.1	6377	6262	42.8209	21.1755
rna-XR_002638378.1	6379	6264	29.3207	14.4948
rna-XR_002638381.1	1928	1813	499	852.302
rna-XR_002638345.1	2799	2684	0	0
rna-XR_002638346.1	2799	2684	0	0
rna-XR_002637918.1	7523	7408	1.42459e-05	5.95497e-06
rna-XR_002637917.1	7538	7423	8.87137e-06	3.70085e-06
rna-XR_002637920.1	7538	7423	8.87137e-06	3.70085e-06
rna-XR_002637919.1	7539	7424	7.56148e-06	3.15398e-06
rna-XR_002637921.1	7539	7424	7.56148e-06	3.15398e-06
rna-XR_002637924.1	7539	7424	7.56148e-06	3.15398e-06
rna-XR_002637922.1	7540	7425	6.44513e-06	2.68797e-06
rna-XR_002637923.1	7540	7425	6.44513e-06	2.68797e-06
rna-XR_002637925.1	7540	7425	6.44513e-06	2.68797e-06
rna-XR_002637926.1	7542	7427	1258.98	524.924
rna-XR_002637965.1	2287	2172	32	45.6227
rna-XR_002638034.1	1584	1469	156.988	330.93
rna-XR_002638036.1	3081	2966	319.504	333.576
rna-XR_002638033.1	1023	907.996	16	54.5665
rna-XR_002638037.1	1096	980.996	135.174	426.692
rna-XR_002638035.1	1558	1443	137	293.998
rna-XR_002638032.1	1923	1808	77.24	132.292
rna-XR_002638221.1	885	772.888	6	24.0394
rna-XR_002638583.1	5586	5471	104	58.8649
rna-XR_002638347.1	4361	4246	510.776	372.512
rna-XR_002638098.1	924	810.386	100	382.118
rna-XR_002638252.1	465	356.877	69	598.716
rna-XR_002638251.1	11025	10910	980.404	278.272
rna-XR_002638570.1	5563	5448	1384.9	787.176
rna-XR_002637927.1	1047	931.996	13	43.1936
rna-XR_002638389.1	7235	7120	1040	452.317
rna-XR_002638607.1	1939	1824	64	108.654
rna-XR_002638338.1	2784	2669	187	216.962
rna-XR_002638581.1	1800	1685	23.8321	43.798
rna-XR_002638276.1	504	395.537	3.5	27.4013
rna-XR_002638275.1	504	395.537	3.5	27.4013
rna-XR_002638517.1	4011	3896	42.3432	33.6554
rna-XR_002638548.1	2157	2042	1045.32	1585.2
rna-XR_002638446.1	7694	7579	1855.59	758.158
rna-XR_002638552.1	1646	1531	18	36.4073
rna-XR_002638069.1	1865	1750	22.482	39.7821
rna-XR_002638019.1	2531	2416	272.219	348.908
rna-XR_002637932.1	832	720.971	220	944.919
rna-XR_002638543.1	307	200.97	0	0
rna-XR_002638542.1	448	339.972	7	63.7594
rna-XR_002638520.1	2417	2302	96.5282	129.849
rna-XR_002638447.1	2655	2540	38.1426	46.5015
rna-XR_002637987.1	1330	1215	103	262.514
rna-XR_002637989.1	1985	1870	57.6752	95.5077
rna-XR_002638560.1	4762	4647	270.328	180.139
rna-XR_002638488.1	2482	2367	5.19163	6.79197
rna-XR_002638489.1	2490	2375	0.0949267	0.12377
rna-XR_002638453.1	2688	2573	10.7242	12.9068
rna-XR_002638480.1	5515	5400	18.8336	10.8002
rna-XR_002638479.1	8207	8092	84.1664	32.2087
rna-XR_002638461.1	4338	4223	105.857	77.6229
rna-XR_002638372.1	6113	5998	43	22.1999
rna-XR_002638373.1	6113	5998	43	22.1999
rna-XR_002638374.1	864	752.566	3	12.3443
rna-XR_002638474.1	2152	2037	431.714	656.289
rna-XR_002638507.1	13851	13736	956.107	215.544
rna-XR_002638508.1	11335	11220	0	0
rna-XR_002638509.1	11274	11159	0	0
rna-XR_002638511.1	11272	11157	0	0
rna-XR_002638512.1	11272	11157	0	0
rna-XR_002638510.1	9463	9348	0	0
rna-XR_002638506.1	11269	11154	0	0
rna-XR_002638500.1	13696	13581	1508.18	343.883
rna-XR_002638501.1	11333	11218	0	0
rna-XR_002638502.1	11272	11157	0	0
rna-XR_002638504.1	11270	11155	0	0
rna-XR_002638505.1	11270	11155	0	0
rna-XR_002638503.1	9471	9356	0	0
rna-XR_002638499.1	11267	11152	0	0
rna-XR_002638555.1	1027	911.996	0	0
rna-XR_002638554.1	2427	2312	23.1221	30.9692
rna-XR_002637973.1	3889	3774	94.0733	77.1889
rna-XR_002638068.1	15109	14994	1971.28	407.118
rna-XR_002638915.1	5226	5111	876.696	531.169
rna-XR_002638914.1	2007	1892	35	57.2846
rna-XR_002638913.1	866	754.566	7.60963	31.2288
rna-XR_002638794.1	4680	4565	180.511	122.449
rna-XR_002638796.1	803	692.067	16	71.5916
rna-XR_002638795.1	767	656.344	0	0
rna-XR_002638809.1	1288	1173	42	110.877
rna-XR_002638999.1	2087	1972	228.32	358.531
rna-XR_002638659.1	3625	3510	101.736	89.7547
rna-XR_002639059.1	2866	2751	74.6378	84.0153
rna-XR_002639074.1	2361	2246	240.667	331.817
rna-XR_002639093.1	606	496.722	5.11373	31.8797
rna-XR_002638789.1	2927	2812	86	94.7051
rna-XR_002638654.1	1406	1291	6	14.3918
rna-XR_002638685.1	1302	1187	11	28.6968
rna-XR_002638655.1	1007	891.996	9.03838	31.3774
rna-XR_002638888.1	3283	3168	699	683.254
rna-XR_002638889.1	3367	3252	345.67	329.156
rna-XR_002639042.1	1297	1182	49.7201	130.258
rna-XR_002638681.1	4020	3905	392.547	311.287
rna-XR_002638682.1	4020	3905	392.547	311.287
rna-XR_002638992.1	7232	7117	6.60897	2.87559
rna-XR_002638993.1	7232	7117	6.60897	2.87559
rna-XR_002638994.1	7232	7117	6.60897	2.87559
rna-XR_002639105.1	3256	3141	84.8918	83.6928
rna-XR_002639106.1	3182	3067	763.465	770.842
rna-XR_002638982.1	8601	8486	1978.78	722.078
rna-XR_002638981.1	3640	3525	0	0
rna-XR_002638980.1	1325	1210	102.719	262.881
rna-XR_002639052.1	1598	1483	0	0
rna-XR_002639053.1	1606	1491	0	0
rna-XR_002639077.1	2778	2663	47.5004	55.2352
rna-XR_002638970.1	6662	6547	633	299.4
rna-XR_002638657.1	2531	2416	268.143	343.685
rna-XR_002638672.1	1846	1731	46.542	83.2605
rna-XR_002639089.1	1996	1881	97.4092	160.362
rna-XR_002638939.1	1113	997.996	6	18.6171
rna-XR_002638829.1	2465	2350	0	0
rna-XR_002638985.1	2135	2020	1283	1966.83
rna-XR_002638986.1	403	295.598	3	31.4274
rna-XR_002638984.1	1421	1306	13	30.8242
rna-XR_002638651.1	2868	2753	116.802	131.382
rna-XR_002638724.1	953	839.048	6	22.1439
rna-XR_002638822.1	1747	1632	58.3725	110.759
rna-XR_002638821.1	1986	1871	62.6275	103.653
rna-XR_002638861.1	8548	8433	747.09	274.335
rna-XR_002638860.1	1729	1614	34	65.2328
rna-XR_002639019.1	4084	3969	146.276	114.125
rna-XR_002639020.1	4005	3890	7.64448	6.08539
rna-XR_002638706.1	5465	5350	89	51.5141
rna-XR_002638823.1	1377	1262	72	176.671
rna-XR_002638824.1	1107	991.996	4	12.4865
rna-XR_002638753.1	2227	2112	72.1984	105.858
rna-XR_002638929.1	1418	1303	229	544.229
rna-XR_002638790.1	3690	3575	247	213.949
rna-XR_002638653.1	2860	2745	37	41.7397
rna-XR_002638721.1	1004	888.996	6	20.8998
rna-XR_002638816.1	755	644.523	7	33.6317
rna-XR_002638775.1	4233	4118	5.96845	4.48813
rna-XR_002638772.1	4241	4126	0.870121	0.653041
rna-XR_002638773.1	4607	4492	1.28098e-08	8.83065e-09
rna-XR_002638774.1	4616	4501	0.0140422	0.0096609
rna-XR_002638771.1	4643	4528	0.000143018	9.78083e-05
rna-XR_002639005.1	4625	4510	0	0
rna-XR_002639004.1	4285	4170	5.07993	3.77234
rna-XR_002638944.1	3082	2967	270.477	282.295
rna-XR_002638652.1	2013	1898	0	0
rna-XR_002639022.1	3164	3049	32.4601	32.9672
rna-XR_002639021.1	3163	3048	47.8971	48.6614
rna-XR_002639047.1	1185	1070	9.99996	28.9405
rna-XR_002639046.1	1078	962.996	29	93.2532
rna-XR_002639035.1	4113	3998	16.9357	13.1175
rna-XR_002639034.1	2516	2401	0	0
rna-XR_002639036.1	2516	2401	0	0
rna-XR_002638937.1	3994	3879	155.922	124.473
rna-XR_002639066.1	4242	4127	192.847	144.7
rna-XR_002639068.1	6102	5987	0	0
rna-XR_002639069.1	9202	9087	93.0397	31.7057
rna-XR_002638895.1	1846	1731	630.121	1127.24
rna-XR_002638770.1	2121	2006	25	38.5922
rna-XR_002638717.1	2120	2005	21.7396	33.5758
rna-XR_002638687.1	9150	9035	1325.52	454.307
rna-XR_002638807.1	796	685.067	310.264	1402.45
rna-XR_002638808.1	474	365.827	16.7704	141.957
rna-XR_002638921.1	1417	1302	23	54.7026
rna-XR_002638920.1	1295	1180	0	0
rna-XR_002639084.1	1017	901.996	89.1926	306.206
rna-XR_002639083.1	1589	1474	110.807	232.789
rna-XR_002639111.1	1823	1708	34	61.6427
rna-XR_002638731.1	11463	11348	699.493	190.877
rna-XR_002638718.1	2426	2311	24.5891	32.9483
rna-XR_002638730.1	1936	1821	211.254	359.241
rna-XR_002638623.1	1711	1596	130.014	252.259
rna-XR_002638622.1	1809	1694	0	0
rna-XR_002638621.1	1829	1714	0	0
rna-XR_002638768.1	3327	3212	40	38.5633
rna-XR_002638707.1	1057	941.996	21	69.0335
rna-XR_002638693.1	1271	1156	198	530.394
rna-XR_002638909.1	5812	5697	422.007	229.384
rna-XR_002638908.1	5924	5809	103.732	55.297
rna-XR_002638825.1	3284	3169	59.8136	58.4477
rna-XR_002638826.1	2844	2729	69.7903	79.1921
rna-XR_002638827.1	3395	3280	265.302	250.47
rna-XR_002638828.1	3010	2895	6.09436	6.51883
rna-XR_002638875.1	1568	1453	137	291.975
rna-XR_002638630.1	934	820.274	46.6863	176.246
rna-XR_002638764.1	1297	1182	0	0
rna-XR_002638765.1	1750	1635	0	0
rna-XR_002639009.1	7544	7429	515.912	215.048
rna-XR_002639091.1	2598	2483	163.888	204.391
rna-XR_002639062.1	6871	6756	643	294.721
rna-XR_002638761.1	1373	1258	10.5336	25.9292
rna-XR_002638766.1	1314	1199	18.474	47.7126
rna-XR_002638704.1	1550	1435	65	140.266
rna-XR_002638900.1	625	515.514	26.8262	161.142
rna-XR_002638901.1	575	466.086	0	0
rna-XR_002638830.1	817	705.971	45	197.386
rna-XR_002638634.1	6051	5936	0	0
rna-XR_002638631.1	6439	6324	0	0
rna-XR_002638632.1	6439	6324	0	0
rna-XR_002638633.1	6439	6324	0	0
rna-XR_002638658.1	809	698.019	0	0
rna-XR_002638665.1	1732	1617	0	0
rna-XR_002639117.1	1875	1760	31	54.5431
rna-XR_002639104.1	1257	1142	6	16.2696
rna-XR_002638866.1	3007	2892	0	0
rna-XR_002638865.1	4160	4045	0	0
rna-XR_002638864.1	3181	3066	0	0
rna-XR_002638867.1	1012	896.996	41	141.541
rna-XR_002638845.1	2179	2064	47	70.5145
rna-XR_002638852.1	5835	5720	716	387.621
rna-XR_002638846.1	1349	1234	42	105.396
rna-XR_002638844.1	3474	3359	399.15	367.973
rna-XR_002638843.1	3472	3357	244.32	225.371
rna-XR_002638841.1	2832	2717	103.708	118.199
rna-XR_002638842.1	2840	2725	8.33776	9.47487
rna-XR_002638847.1	25898	25783	301.113	36.1648
rna-XR_002638848.1	25898	25783	301.113	36.1648
rna-XR_002638849.1	25898	25783	301.113	36.1648
rna-XR_002638850.1	25898	25783	301.113	36.1648
rna-XR_002638851.1	25898	25783	301.113	36.1648
rna-XR_002638978.1	18978	18863	417.467	68.5333
rna-XR_002638979.1	18978	18863	417.467	68.5333
rna-XR_002638763.1	1975	1860	62	103.221
rna-XR_002638991.1	3848	3733	41.4606	34.3928
rna-XR_002638990.1	4989	4874	0	0
rna-XR_002638989.1	5848	5733	0	0
rna-XR_002638988.1	5897	5782	53.6154	28.7145
rna-XR_002638791.1	5085	4970	969.129	603.831
rna-XR_002639051.1	2453	2338	123.172	163.139
rna-XR_002639050.1	2396	2281	0	0
rna-XR_002638933.1	2820	2705	44	50.3704
rna-XR_002638737.1	1155	1040	32.883	97.9104
rna-XR_002638738.1	5843	5728	132.681	71.729
rna-XR_002638739.1	5843	5728	132.681	71.729
rna-XR_002638810.1	5808	5693	81.6386	44.4063
rna-XR_002639099.1	5878	5763	69.9065	37.5629
rna-XR_002638645.1	2508	2393	116.288	150.481
rna-XR_002638853.1	1150	1035	2.78157	8.32226
rna-XR_002638800.1	1340	1225	24.0718	60.8503
rna-XR_002638997.1	2941	2826	1.63283	1.7892
rna-XR_002638996.1	2930	2815	166.625	183.296
rna-XR_002638998.1	2832	2717	0	0
rna-XR_002639055.1	803	692.067	32.5	145.42
rna-XR_002638806.1	963	848.818	9	32.8335
rna-XR_002639075.1	4356	4241	92.0459	67.2088
rna-XR_002638662.1	1907	1792	11	19.0084
rna-XR_002638892.1	713	602.565	9	46.2517
rna-XR_002639007.1	1584	1469	9	18.9719
rna-XR_002638691.1	779	668.344	45	208.498
rna-XR_002639113.1	528	419.424	0	0
rna-XR_002639112.1	723	612.565	7.55384	38.1861
rna-XR_002638749.1	6924	6809	212.897	96.8223
rna-XR_002638748.1	5056	4941	0	0
rna-XR_002638644.1	4470	4355	198.258	140.972
rna-XR_002639064.1	10854	10739	21.1063	6.0861
rna-XR_002639065.1	10854	10739	21.1063	6.0861
rna-XR_002639120.1	528	419.424	0	0
rna-XR_002639086.1	509	400.537	35	270.592
rna-XR_002639085.1	4600	4485	279.534	193.002
rna-XR_002639067.1	3014	2899	21.3463	22.8015
rna-XR_002638713.1	18443	18328	827.473	139.807
rna-XR_002638714.1	18443	18328	827.473	139.807
rna-XR_002638715.1	3045	2930	0	0
rna-XR_002638638.1	629	519.479	134.862	803.919
rna-XR_002638919.1	5371	5256	27.01	15.9133
rna-XR_002638917.1	1378	1263	2.30872	5.66055
rna-XR_002638918.1	1378	1263	2.30872	5.66055
rna-XR_002639107.1	2404	2289	56.9586	77.0555
rna-XR_002638832.1	654	544.113	0	0
rna-XR_002639025.1	1462	1347	0.00124516	0.00286252
rna-XR_002639023.1	3607	3492	2.9813	2.64376
rna-XR_002639024.1	3602	3487	16.3095	14.4837
rna-XR_002639078.1	7392	7277	182.071	77.4781
rna-XR_002639079.1	7392	7277	182.071	77.4781
rna-XR_002639080.1	7392	7277	182.071	77.4781
rna-XR_002639081.1	7392	7277	182.071	77.4781
rna-XR_002639082.1	7392	7277	182.071	77.4781
rna-XR_002638891.1	14084	13969	956.118	211.951
rna-XR_002638890.1	2685	2570	303.109	365.221
rna-XR_002638705.1	9678	9563	179.904	58.2556
rna-XR_002638784.1	3503	3388	0	0
rna-XR_002638783.1	2622	2507	0	0
rna-XR_002638785.1	2374	2259	0	0
rna-XR_002638710.1	2759	2644	209.491	245.354
rna-XR_002638711.1	2543	2428	0	0
rna-XR_002638712.1	2459	2344	78.9415	104.289
rna-XR_002638646.1	7849	7734	4921.33	1970.46
rna-XR_002638647.1	7849	7734	4921.33	1970.46
rna-XR_002638648.1	7849	7734	4921.33	1970.46
rna-XR_002638987.1	1552	1437	41.5499	89.5374
rna-XR_002638754.1	2631	2516	45	55.385
rna-XR_002638656.1	2786	2671	72.9454	84.5697
rna-XR_002639102.1	9693	9578	2789.59	901.895
rna-XR_002639058.1	1739	1624	185	352.758
rna-XR_002638787.1	780	669.344	0	0
rna-XR_002639012.1	442	334.042	110	1019.72
rna-XR_002639057.1	803	692.067	32.5	145.42
rna-XR_002638726.1	2113	1998	0	0
rna-XR_002638727.1	2169	2054	74	111.563
rna-XR_002638725.1	2124	2009	0	0
rna-XR_002638728.1	2065	1950	64	101.633
rna-XR_002638745.1	5621	5506	1322.99	744.062
rna-XR_002638708.1	1545	1430	78	168.908
rna-XR_002638692.1	2143	2028	192.715	294.264
rna-XR_002639088.1	3854	3739	1074.01	889.493
rna-XR_002638769.1	2169	2054	124.448	187.62
rna-XR_002638883.1	9184	9069	156.409	53.4061
rna-XR_002638884.1	9184	9069	156.409	53.4061
rna-XR_002638885.1	9179	9064	300.825	102.774
rna-XR_002638882.1	1268	1153	7.69161	20.6576
rna-XR_002638625.1	2312	2197	37.236	52.4836
rna-XR_002638624.1	759	648.523	59.268	282.999
rna-XR_002639054.1	2401	2286	27	36.5745
rna-XR_002638626.1	2408	2293	63.8434	86.2189
rna-XR_002639095.1	1381	1266	18	44.0281
rna-XR_002638697.1	1385	1270	11	26.8213
rna-XR_002638831.1	560	451.245	4	27.4497
rna-XR_002638902.1	664	554	48	268.3
rna-XR_002639060.1	2086	1971	363.336	570.837
rna-XR_002639061.1	3305	3190	138.911	134.845
rna-XR_002638667.1	505	396.537	285	2225.62
rna-XR_002638976.1	2380	2265	68.2944	93.37
rna-XR_002639094.1	21786	21671	2473.13	353.393
rna-XR_002639011.1	2155	2040	9.50509	14.4283
rna-XR_002638701.1	2652	2537	0	0
rna-XR_002638702.1	2668	2553	109.206	132.461
rna-XR_002639108.1	403	295.598	5	52.379
rna-XR_002638869.1	11154	11039	280.403	78.6579
rna-XR_002638870.1	11187	11072	8.13426	2.275
rna-XR_002638871.1	11812	11697	195.844	51.8472
rna-XR_002639087.1	19481	19366	8044.58	1286.33
rna-XR_002638927.1	369	261.887	85	1005.07
rna-XR_002638798.1	19950	19835	2063.34	322.127
rna-XR_002639006.1	25152	25037	11188.6	1383.83
rna-XR_002639037.1	3893	3778	790.337	647.799
rna-XR_002639097.1	7415	7300	90.2439	38.2812
rna-XR_002639098.1	19555	19440	397.588	63.3326
rna-XR_002639096.1	7515	7400	145.092	60.7157
rna-XR_002638663.1	7160	7045	103	45.2737
rna-XR_002639121.1	10896	10781	679.627	195.21
rna-XR_002638696.1	804	693.067	46.8798	209.46
rna-XR_002638719.1	4073	3958	598.024	467.878
rna-XR_002638686.1	1690	1575	18	35.3902
rna-XR_002638666.1	1856	1741	46	81.8182
rna-XR_002638801.1	969	854.586	72	260.895
rna-XR_002638811.1	6440	6325	10.356	5.07016
rna-XR_002638812.1	6440	6325	10.356	5.07016
rna-XR_002638813.1	6440	6325	10.356	5.07016
rna-XR_002638814.1	6440	6325	10.356	5.07016
rna-XR_002638815.1	6440	6325	10.356	5.07016
rna-XR_002638779.1	2015	1900	38.7294	63.1216
rna-XR_002638752.1	2842	2727	262.945	298.587
rna-XR_002638751.1	854	742.771	0	0
rna-XR_002638750.1	2297	2182	110	156.109
rna-XR_002639003.1	9116	9001	297	102.178
rna-XR_002639028.1	6504	6389	13.8135	6.69514
rna-XR_002639032.1	733	622.523	23.5166	116.979
rna-XR_002639029.1	4019	3904	0	0
rna-XR_002639027.1	3411	3296	0	0
rna-XR_002639030.1	3907	3792	2.10114	1.71584
rna-XR_002639031.1	3907	3792	2.10114	1.71584
rna-XR_002638755.1	4602	4487	0	0
rna-XR_002638757.1	4602	4487	0	0
rna-XR_002638759.1	4602	4487	0	0
rna-XR_002638760.1	4602	4487	0	0
rna-XR_002638756.1	9675	9560	179.922	58.2794
rna-XR_002638758.1	9675	9560	179.922	58.2794
rna-XR_002639122.1	2705	2590	32.6201	39.001
rna-XR_002639048.1	4182	4067	763.613	581.419
rna-XR_002638746.1	5888	5773	246.332	132.132
rna-XR_002638747.1	5890	5775	163.346	87.5885
rna-XR_002638778.1	2314	2199	10.5398	14.8422
rna-XR_002638777.1	4430	4315	580.01	416.241
rna-XR_002639076.1	1766	1651	43.4008	81.4032
rna-XR_002639070.1	2352	2237	262	362.682
rna-XR_002638673.1	6548	6433	50.6468	24.3797
rna-XR_002638674.1	6548	6433	50.6468	24.3797
rna-XR_002638729.1	3664	3549	29.0385	25.3372
rna-XR_002638683.1	5480	5365	19.2986	11.139
rna-XR_002638684.1	5480	5365	19.2986	11.139
rna-XR_002638720.1	4690	4575	1407.46	952.652
rna-XR_002639008.1	984	869.176	1057	3765.8
rna-XR_002638740.1	33466	33351	302.872	28.1216
rna-XR_002638741.1	15559	15444	335.542	67.2785
rna-XR_002638780.1	3455	3340	61.985	57.4686
rna-XR_002638782.1	3455	3340	61.985	57.4686
rna-XR_002638781.1	3090	2975	0.0300069	0.0312338
rna-XR_002638940.1	2144	2029	426.145	650.377
rna-XR_002638893.1	32725	32610	648.361	61.5681
rna-XR_002638894.1	32733	32618	1335.41	126.779
rna-XR_002638641.1	1371	1256	43	106.016
rna-XR_002638639.1	4741	4626	286.017	191.459
rna-XR_002638642.1	851	739.771	28	117.206
rna-XR_002638640.1	2967	2852	198.492	215.518
rna-XR_002638709.1	3462	3347	258.788	239.43
rna-XR_002638677.1	3096	2981	126.688	131.602
rna-XR_002638744.1	1634	1519	27.623	56.3124
rna-XR_002638703.1	4450	4335	305.927	218.534
rna-XR_002638973.1	6368	6253	1185.7	587.185
rna-XR_002638935.1	15395	15280	236.266	47.8815
rna-XR_002638936.1	15395	15280	236.266	47.8815
rna-XR_002638887.1	1999	1884	643.18	1057.16
rna-XR_002639090.1	3786	3671	50.846	42.8907
rna-XR_002638942.1	3203	3088	477.46	478.796
rna-XR_002638700.1	2474	2359	52	68.2599
rna-XR_002638950.1	6239	6124	149	75.3427
rna-XR_002638855.1	6172	6057	277.682	141.964
rna-XR_002638856.1	6172	6057	277.682	141.964
rna-XR_002638716.1	1848	1733	260.106	464.776
rna-XR_002638670.1	968	853.586	53.2663	193.239
rna-XR_002638922.1	3596	3481	213.493	189.92
rna-XR_002639071.1	13275	13160	1768.51	416.142
rna-XR_002638912.1	8928	8813	294.648	103.531
rna-XR_002638678.1	1309	1194	102.733	266.439
rna-XR_002639002.1	1302	1187	619	1614.85
rna-XR_002639000.1	6941	6826	190.577	86.4556
rna-XR_002639092.1	738	627.523	136	671.118
rna-XR_002639001.1	2448	2333	194	257.5
rna-XR_002638742.1	595	485.924	1	6.37267
rna-XR_002638743.1	5758	5643	280.605	153.984
rna-XR_002639033.1	839	727.872	70.2988	299.077
rna-XR_002638669.1	1007	891.996	7	24.301
rna-XR_002638819.1	3664	3549	3.38379	2.95248
rna-XR_002638818.1	2572	2457	1.8019	2.27099
rna-XR_002638820.1	17683	17568	2302.69	405.885
rna-XR_002639044.1	5703	5588	119.634	66.2962
rna-XR_002639947.1	1799	1684	0	0
rna-XR_002639946.1	2534	2419	229.569	293.878
rna-XR_002639488.1	6356	6241	246.483	122.299
rna-XR_002639487.1	24074	23959	4551.65	588.289
rna-XR_002639486.1	1089	973.996	35.3993	112.545
rna-XR_002639485.1	1192	1077	56.8024	163.321
rna-XR_002639415.1	2014	1899	44.1048	71.9203
rna-XR_002639418.1	2108	1993	3.14497e-07	4.88653e-07
rna-XR_002639416.1	2405	2290	0	0
rna-XR_002639417.1	3490	3375	66.6932	61.1924
rna-XR_002639284.1	13905	13790	904.488	203.109
rna-XR_002639285.1	13905	13790	904.488	203.109
rna-XR_002639286.1	15044	14929	432.535	89.7181
rna-XR_002639283.1	1765	1650	0	0
rna-XR_002639938.1	1643	1528	17	34.4522
rna-XR_002633618.1	2487	2372	108.879	142.141
rna-XR_002633628.1	6990	6875	788.778	355.281
rna-XR_002639604.1	742	631.523	20	98.0687
rna-XR_002639437.1	6012	5897	657.45	345.24
rna-XR_002639438.1	3939	3824	145.865	118.12
rna-XR_002639436.1	2667	2552	152	184.439
rna-XR_002639207.1	5339	5224	280.176	166.08
rna-XR_002640015.1	692	581.686	5	26.6177
rna-XR_002639585.1	646	536.187	41	236.786
rna-XR_002639595.1	2415	2300	74.0006	99.6317
rna-XR_002639821.1	1548	1433	410.129	886.268
rna-XR_002639701.1	2345	2230	337.352	468.456
rna-XR_002639923.1	1535	1420	30.8713	67.3221
rna-XR_002639908.1	2049	1934	94.2072	150.841
rna-XR_002640009.1	991	876.116	27	95.4315
rna-XR_002639452.1	628	518.479	4	23.8901
rna-XR_002639175.1	1913	1798	20.3821	35.1034
rna-XR_002639394.1	415	307.306	4	40.3068
rna-XR_002639144.1	3733	3618	456.928	391.083
rna-XR_002639559.1	5858	5743	222.303	119.866
rna-XR_002639560.1	5858	5743	222.303	119.866
rna-XR_002639561.1	5858	5743	222.303	119.866
rna-XR_002639558.1	2163	2048	938.86	1419.59
rna-XR_002639562.1	2025	1910	256.717	416.209
rna-XR_002639911.1	433	325.155	3	28.5706
rna-XR_002639217.1	1971	1856	47	78.417
rna-XR_002639306.1	5813	5698	332.111	180.489
rna-XR_002639951.1	1122	1007	50	153.756
rna-XR_002639858.1	2443	2328	6	7.98103
rna-XR_002639861.1	1935	1820	15	25.5218
rna-XR_002639954.1	1281	1166	238	632.076
rna-XR_002639481.1	1133	1018	11	33.4608
rna-XR_002639579.1	3265	3150	364	357.834
rna-XR_002639124.1	514	405.509	194	1481.46
rna-XR_002639352.1	1000	884.996	8	27.9923
rna-XR_002639378.1	528	419.424	8	59.0645
rna-XR_002639454.1	488	379.724	5	40.7748
rna-XR_002639395.1	500	391.591	1	7.90782
rna-XR_002639369.1	532	423.395	12.0693	88.2724
rna-XR_002639299.1	589	479.924	2	12.9047
rna-XR_002639255.1	636	526.443	3	17.6465
rna-XR_002639256.1	636	526.443	3	17.6465
rna-XR_002639427.1	466	357.877	3	25.9584
rna-XR_002639375.1	487	378.75	3	24.5278
rna-XR_002639164.1	1759	1644	16	30.1376
rna-XR_002639292.1	1750	1635	299.192	566.66
rna-XR_002633627.1	2926	2811	54.0112	59.4995
rna-XR_002633626.1	2459	2344	94.8103	125.253
rna-XR_002639986.1	6365	6250	1030.61	510.629
rna-XR_002639261.1	1774	1659	142.304	265.619
rna-XR_002639260.1	2060	1945	256.913	409.031
rna-XR_002639448.1	7030	6915	1043.7	467.385
rna-XR_002639323.1	2923	2808	232.2	256.068
rna-XR_002639172.1	2137	2022	105.59	161.708
rna-XR_002639171.1	643	533.334	16	92.8989
rna-XR_002640030.1	602	492.755	12.2037	76.6922
rna-XR_002639868.1	1539	1424	148.401	322.715
rna-XR_002639132.1	1779	1664	15	27.9144
rna-XR_002639151.1	1413	1298	78.1379	186.414
rna-XR_002639837.1	1020	904.996	26.2275	89.7429
rna-XR_002639201.1	1185	1070	15.3166	44.3272
rna-XR_002639202.1	594	484.924	10	63.8581
rna-XR_002639203.1	5259	5144	302.764	182.261
rna-XR_002639199.1	2913	2798	202.647	224.276
rna-XR_002639200.1	1130	1015	51.6834	157.68
rna-XR_002639194.1	2419	2304	75.4144	101.359
rna-XR_002639193.1	2440	2325	0.00159968	0.0021306
rna-XR_002639196.1	1357	1242	6.2358	15.5475
rna-XR_002639197.1	1155	1040	79	235.226
rna-XR_002639195.1	2251	2136	149	216.011
rna-XR_002639198.1	875	763.098	75	304.348
rna-XR_002639447.1	2089	1974	23	36.0804
rna-XR_002639280.1	723	612.565	10	50.5519
rna-XR_002639972.1	3500	3385	19.6505	17.9765
rna-XR_002639597.1	1061	945.996	28.0886	91.9455
rna-XR_002639831.1	5028	4913	20.961	13.2116
rna-XR_002639829.1	5466	5351	2.51624e-06	1.45615e-06
rna-XR_002639830.1	5518	5403	44.1061	25.2786
rna-XR_002639308.1	6711	6596	89.4209	41.9806
rna-XR_002633650.1	10093	9978	1391.06	431.71
rna-XR_002639329.1	4528	4413	99.3565	69.7192
rna-XR_002639332.1	3902	3787	145.131	118.674
rna-XR_002639330.1	3655	3540	74.5132	65.1809
rna-XR_002639384.1	626	516.479	11	65.9523
rna-XR_002639832.1	924	810.386	54	206.344
rna-XR_002639833.1	5807	5692	469.461	255.402
rna-XR_002639941.1	637	527.443	17	99.8075
rna-XR_002640003.1	6934	6819	958.825	435.42
rna-XR_002640006.1	874	762.202	23.4407	95.2335
rna-XR_002639998.1	757	646.523	98.1906	470.3
rna-XR_002639999.1	1287	1172	41	108.33
rna-XR_002640013.1	4387	4272	513.208	372.008
rna-XR_002639839.1	5072	4957	97.2889	60.7763
rna-XR_002639293.1	9831	9716	2429.48	774.313
rna-XR_002639441.1	6940	6825	1017.37	461.602
rna-XR_002639440.1	896	783.25	11	43.4893
rna-XR_002639316.1	5686	5571	1108.17	615.973
rna-XR_002639958.1	3011	2896	168	179.639
rna-XR_002639888.1	4060	3945	347.253	272.577
rna-XR_002639875.1	5532	5417	468.692	267.928
rna-XR_002639950.1	2597	2482	225.687	281.575
rna-XR_002633654.1	1568	1453	46.8224	99.7881
rna-XR_002639296.1	4625	4510	380.599	261.325
rna-XR_002639673.1	25073	24958	1535.09	190.464
rna-XR_002639763.1	7173	7058	327.616	143.739
rna-XR_002639762.1	6182	6067	312.384	159.443
rna-XR_002639684.1	5995	5880	0	0
rna-XR_002639686.1	5995	5880	0	0
rna-XR_002639682.1	5993	5878	0	0
rna-XR_002639683.1	5993	5878	0	0
rna-XR_002639685.1	5673	5558	0.453	0.252388
rna-XR_002639687.1	5607	5492	41.9168	23.6346
rna-XR_002639953.1	1608	1493	182.923	379.402
rna-XR_002639387.1	1758	1643	32.0767	60.4565
rna-XR_002639899.1	6166	6051	49.6742	25.421
rna-XR_002639896.1	6461	6346	1.85419	0.904781
rna-XR_002639897.1	6461	6346	1.85419	0.904781
rna-XR_002639898.1	6461	6346	1.85419	0.904781
rna-XR_002639900.1	6461	6346	1.85419	0.904781
rna-XR_002639901.1	6461	6346	1.85419	0.904781
rna-XR_002640007.1	4654	4539	275.805	188.162
rna-XR_002633658.1	2225	2110	0	0
rna-XR_002633659.1	2681	2566	24	28.9631
rna-XR_002639182.1	1257	1142	13	35.2508
rna-XR_002639376.1	2602	2487	346.176	431.034
rna-XR_002639377.1	2469	2354	201.758	265.409
rna-XR_002639246.1	9094	8979	668.408	230.517
rna-XR_002639827.1	1691	1576	16.5184	32.4566
rna-XR_002639307.1	1057	941.996	32.3969	106.499
rna-XR_002639894.1	1308	1193	15	38.9352
rna-XR_002639147.1	6791	6676	3585.45	1663.1
rna-XR_002639712.1	4086	3971	315.762	246.235
rna-XR_002639227.1	1531	1416	8	17.4951
rna-XR_002639140.1	2282	2167	11.484	16.4106
rna-XR_002639318.1	935	821.218	6.83268	25.7645
rna-XR_002639250.1	3980	3865	361.972	290.011
rna-XR_002639382.1	5694	5579	224.989	124.88
rna-XR_002639793.1	2644	2529	308	377.131
rna-XR_002639294.1	1524	1409	478	1050.53
rna-XR_002633631.1	2483	2368	850.812	1112.61
rna-XR_002633630.1	1384	1269	14	34.1631
rna-XR_002640037.1	1806	1691	35	64.0937
rna-XR_002639904.1	1311	1196	224.108	580.253
rna-XR_002639903.1	1537	1422	21.0203	45.7752
rna-XR_002639902.1	2780	2665	210.159	244.197
rna-XR_002639906.1	1738	1623	72	137.374
rna-XR_002639905.1	1566	1451	0	0
rna-XR_002639907.1	1566	1451	0	0
rna-XR_002639940.1	2236	2121	143.857	210.03
rna-XR_002639277.1	2492	2377	17	22.1468
rna-XR_002639276.1	2546	2431	0	0
rna-XR_002639601.1	3496	3381	76.0833	69.6842
rna-XR_002639963.1	8864	8749	159.632	56.5004
rna-XR_002639174.1	2299	2184	17	24.1039
rna-XR_002639637.1	1768	1653	780.735	1462.59
rna-XR_002639612.1	1239	1124	24	66.1205
rna-XR_002639412.1	6022	5907	6.07502	3.18471
rna-XR_002639410.1	6020	5905	2.62805	1.37817
rna-XR_002639409.1	6019	5904	3.21268	1.68504
rna-XR_002639411.1	5768	5653	0	0
rna-XR_002639413.1	5624	5509	0	0
rna-XR_002639407.1	4792	4677	0	0
rna-XR_002639491.1	733	622.523	73	363.126
rna-XR_002639644.1	267	162.08	103.148	1970.7
rna-XR_002639287.1	2524	2409	73	93.8375
rna-XR_002639613.1	3397	3282	14.2335	13.4296
rna-XR_002639614.1	2295	2180	473.07	671.985
rna-XR_002640040.1	1946	1831	140.514	237.641
rna-XR_002639836.1	3417	3302	315.438	295.82
rna-XR_002639835.1	1926	1811	0	0
rna-XR_002639990.1	4121	4006	238.63	184.461
rna-XR_002639991.1	4121	4006	238.63	184.461
rna-XR_002639291.1	2942	2827	25.4755	27.9053
rna-XR_002639290.1	2880	2765	0.000137799	0.000154327
rna-XR_002639536.1	670	560	0	0
rna-XR_002639584.1	2727	2612	48.9492	58.0313
rna-XR_002639490.1	251	146.542	3	63.3943
rna-XR_002639244.1	4927	4812	143.585	92.4005
rna-XR_002639322.1	1281	1166	172.154	457.204
rna-XR_002639596.1	4177	4062	324.347	247.264
rna-XR_002639136.1	1431	1316	11	25.8838
rna-XR_002639846.1	11153	11038	1377.61	386.479
rna-XR_002639551.1	1912	1797	123.093	212.118
rna-XR_002639775.1	3811	3696	58.7717	49.241
rna-XR_002639366.1	15616	15501	2050.7	409.669
rna-XR_002639365.1	2853	2738	180.655	204.319
rna-XR_002639163.1	3236	3121	302.672	300.309
rna-XR_002639303.1	4564	4449	1196.91	833.082
rna-XR_002639890.1	2099	1984	39.6211	61.8409
rna-XR_002633633.1	10283	10168	130.678	39.7976
rna-XR_002633632.1	2878	2763	0	0
rna-XR_002639729.1	2808	2693	118.919	136.743
rna-XR_002639728.1	1098	982.996	63	198.463
rna-XR_002639732.1	1089	973.996	64	203.476
rna-XR_002639731.1	779	668.344	37	171.432
rna-XR_002639730.1	2313	2198	176.748	249.011
rna-XR_002639709.1	856	744.771	10	41.5783
rna-XR_002639838.1	11160	11045	407	114.109
rna-XR_002639525.1	505	396.537	6.44179	50.3052
rna-XR_002639789.1	1283	1168	78	206.796
rna-XR_002640014.1	1391	1276	13	31.5489
rna-XR_002633653.1	3015	2900	84.0591	89.7588
rna-XR_002639177.1	329	222.489	8.67498	120.74
rna-XR_002639480.1	415	307.306	2.32502	23.4285
rna-XR_002639935.1	3958	3843	134.258	108.184
rna-XR_002639936.1	3958	3843	134.258	108.184
rna-XR_002639374.1	3548	3433	120.969	109.116
rna-XR_002639180.1	2300	2185	263.678	373.691
rna-XR_002639181.1	2300	2185	263.678	373.691
rna-XR_002639765.1	2360	2245	396	546.222
rna-XR_002639867.1	2318	2203	2.27611	3.1994
rna-XR_002639865.1	3253	3138	787.133	776.757
rna-XR_002639866.1	3277	3162	0.0936821	0.0917455
rna-XR_002639799.1	3660	3545	332.711	290.63
rna-XR_002640018.1	2019	1904	29	47.1652
rna-XR_002639870.1	3293	3178	148.525	144.722
rna-XR_002640023.1	1443	1328	19	44.3044
rna-XR_002639326.1	1121	1006	12	36.9381
rna-XR_002639396.1	8037	7922	2156.24	842.855
rna-XR_002639313.1	4032	3917	380.791	301.039
rna-XR_002639314.1	4058	3943	0.148957	0.116983
rna-XR_002639358.1	2431	2316	466.342	623.529
rna-XR_002639238.1	10617	10502	136.732	40.3168
rna-XR_002639239.1	10617	10502	136.732	40.3168
rna-XR_002639240.1	10617	10502	136.732	40.3168
rna-XR_002639241.1	10617	10502	136.732	40.3168
rna-XR_002639237.1	6057	5942	0	0
rna-XR_002639235.1	6198	6083	0	0
rna-XR_002639236.1	6353	6238	0	0
rna-XR_002639234.1	6361	6246	0	0
rna-XR_002639233.1	6380	6265	26.5125	13.1045
rna-XR_002639242.1	1613	1498	83	171.576
rna-XR_002639251.1	719	608.565	3	15.2652
rna-XR_002633621.1	5815	5700	471.786	256.307
rna-XR_002639320.1	1264	1149	17.1889	46.3253
rna-XR_002639319.1	1612	1497	860.622	1780.25
rna-XR_002639648.1	11304	11189	2.58728e-06	7.16047e-07
rna-XR_002639647.1	11149	11034	39.6262	11.1209
rna-XR_002639649.1	11149	11034	39.6262	11.1209
rna-XR_002639646.1	5138	5023	221.33	136.448
rna-XR_002639650.1	6892	6777	560.742	256.221
rna-XR_002639651.1	8073	7958	249.495	97.0841
rna-XR_002639652.1	1599	1484	85.8519	179.146
rna-XR_002639656.1	1815	1700	180.46	328.718
rna-XR_002639658.1	4410	4295	180.991	130.492
rna-XR_002639657.1	2535	2420	35.1525	44.9812
rna-XR_002639659.1	2547	2432	60	76.3973
rna-XR_002639655.1	30134	30019	0	0
rna-XR_002639654.1	29301	29186	3325.43	352.828
rna-XR_002639653.1	6594	6479	0	0
rna-XR_002639987.1	3835	3720	80.7965	67.2574
rna-XR_002639988.1	3835	3720	80.7965	67.2574
rna-XR_002639989.1	3835	3720	80.7965	67.2574
rna-XR_002639247.1	2583	2468	62.0568	77.8636
rna-XR_002639356.1	2984	2869	108.258	116.847
rna-XR_002639355.1	2857	2742	0	0
rna-XR_002639357.1	2857	2742	0	0
rna-XR_002639526.1	1312	1197	43.833	113.396
rna-XR_002639212.1	1622	1507	91	186.99
rna-XR_002639249.1	465	356.877	267	2316.77
rna-XR_002639961.1	2188	2073	69.3346	103.572
rna-XR_002639446.1	1693	1578	21.1461	41.4968
rna-XR_002640036.1	5887	5772	1254.53	673.044
rna-XR_002640039.1	3684	3569	220.895	191.659
rna-XR_002639403.1	862	750.618	69.4011	286.31
rna-XR_002639129.1	1944	1829	349.341	591.462
rna-XR_002639929.1	6143	6028	61.1368	31.4065
rna-XR_002639254.1	316	209.771	87	1284.29
rna-XR_002639529.1	121144	121029	14343.7	366.997
rna-XR_002639530.1	777	666.344	0	0
rna-XR_002639531.1	4549	4434	209.702	146.453
rna-XR_002639499.1	6146	6031	0	0
rna-XR_002639498.1	6190	6075	90.7635	46.2652
rna-XR_002639500.1	6190	6075	90.7635	46.2652
rna-XR_002639492.1	16456	16341	1296.72	245.73
rna-XR_002639493.1	16456	16341	1296.72	245.73
rna-XR_002639495.1	19876	19761	233.643	36.6129
rna-XR_002639497.1	19877	19762	220.033	34.4784
rna-XR_002639496.1	19882	19767	162.999	25.5349
rna-XR_002639494.1	7540	7425	516.978	215.609
rna-XR_002639502.1	6667	6552	261.905	123.783
rna-XR_002639501.1	6643	6528	0.81484	0.386529
rna-XR_002640029.1	2620	2505	365.702	452.074
rna-XR_002639758.1	1172	1057	2	5.85931
rna-XR_002639599.1	3694	3579	23.3055	20.1645
rna-XR_002639598.1	2581	2466	0	0
rna-XR_002639600.1	2113	1998	0	0
rna-XR_002639979.1	4483	4368	284.63	201.785
rna-XR_002639367.1	5480	5365	1041.56	601.182
rna-XR_002639125.1	4133	4018	718.89	554.042
rna-XR_002639668.1	29941	29826	3765.59	390.956
rna-XR_002639309.1	3256	3141	550.473	542.698
rna-XR_002639706.1	841	729.822	4.12588	17.5061
rna-XR_002639705.1	841	729.822	394.611	1674.33
rna-XR_002639841.1	8831	8716	0.00982457	0.00349049
rna-XR_002639845.1	8741	8626	2180.36	782.725
rna-XR_002639844.1	1145	1030	0	0
rna-XR_002639842.1	1148	1033	0	0
rna-XR_002639843.1	1214	1099	0	0
rna-XR_002640001.1	706	595.565	3	15.5985
rna-XR_002640017.1	980	865.294	6	21.4722
rna-XR_002639385.1	2202	2087	290.807	431.493
rna-XR_002639386.1	3163	3048	173.108	175.87
rna-XR_002639148.1	2031	1916	80.7907	130.574
rna-XR_002639425.1	409	301.516	0	0
rna-XR_002639473.1	2702	2587	11	13.167
rna-XR_002633660.1	1722	1607	38	73.2248
rna-XR_002639169.1	4170	4055	289.977	221.444
rna-XR_002639381.1	2787	2672	27.5774	31.96
rna-XR_002639379.1	3914	3799	429.38	349.995
rna-XR_002639380.1	3914	3799	429.38	349.995
rna-XR_002639442.1	10303	10188	2124.68	645.793
rna-XR_002639482.1	2189	2074	195.501	291.898
rna-XR_002639669.1	2994	2879	188	202.212
rna-XR_002639444.1	7882	7767	225.024	89.7151
rna-XR_002639443.1	3677	3562	136.333	118.522
rna-XR_002639471.1	2427	2312	111.784	149.721
rna-XR_002639231.1	11649	11534	1431.02	384.199
rna-XR_002639787.1	3803	3688	536.7	450.641
rna-XR_002639568.1	1005	889.996	10	34.7938
rna-XR_002639570.1	2929	2814	121.349	133.537
rna-XR_002639569.1	4464	4349	516.894	368.046
rna-XR_002639567.1	1791	1676	10.2499	18.9382
rna-XR_002639566.1	1792	1677	5.0523	9.32925
rna-XR_002639390.1	1870	1755	27	47.6406
rna-XR_002639773.1	2826	2711	5677.61	6485.24
rna-XR_002639691.1	2541	2426	191.163	244.008
rna-XR_002639690.1	7341	7226	437.558	187.511
rna-XR_002640011.1	4660	4545	34.2293	23.3214
rna-XR_002639692.1	3030	2915	37771	40124.6
rna-XR_002639693.1	1122	1007	0	0
rna-XR_002639892.1	821	709.971	16	69.7861
rna-XR_002639893.1	464	355.877	11.4127	99.307
rna-XR_002639576.1	6821	6706	968.236	447.103
rna-XR_002639588.1	2102	1987	363	565.717
rna-XR_002639962.1	2058	1943	57.5381	91.7009
rna-XR_002633643.1	2453	2338	34	45.0324
rna-XR_002639269.1	1136	1021	21.1083	64.0205
rna-XR_002639270.1	1789	1674	23.1365	42.7988
rna-XR_002639978.1	717	606.565	0	0
rna-XR_002639977.1	744	633.523	3.96966	19.4035
rna-XR_002639426.1	645	535.224	19	109.928
rna-XR_002639150.1	2161	2046	2.21888	3.3583
rna-XR_002639243.1	10026	9911	1533.26	479.06
rna-XR_002639928.1	2694	2579	0	0
rna-XR_002639927.1	2723	2608	0	0
rna-XR_002639925.1	2718	2603	4.72159e-06	5.617e-06
rna-XR_002639926.1	2687	2572	7	8.42786
rna-XR_002639211.1	2907	2792	128.275	142.271
rna-XR_002639630.1	1061	945.996	37.2926	122.074
rna-XR_002639343.1	6702	6587	669.625	314.8
rna-XR_002639342.1	6430	6315	0	0
rna-XR_002639860.1	1154	1039	16	47.6865
rna-XR_002639449.1	2534	2419	157.673	201.843
rna-XR_002639506.1	786	675.253	0	0
rna-XR_002639505.1	1340	1225	116.705	295.014
rna-XR_002639453.1	2351	2236	437.086	605.321
rna-XR_002639879.1	719	608.565	8.66306	44.0812
rna-XR_002639421.1	938	824.218	37.4263	140.613
rna-XR_002639995.1	1572	1457	81.9132	174.094
rna-XR_002639996.1	1561	1446	0.0868303	0.185949
rna-XR_002639478.1	1580	1465	26.5697	56.1616
rna-XR_002639944.1	1634	1519	29	59.1195
rna-XR_002639945.1	1656	1541	247.292	496.934
rna-XR_002639943.1	1664	1549	0.532294	1.06412
rna-XR_002639435.1	3119	3004	781.312	805.406
rna-XR_002639761.1	4352	4237	466.667	341.066
rna-XR_002640004.1	328	221.504	35.319	493.761
rna-XR_002639445.1	674	563.923	17.9477	98.5551
rna-XR_002639346.1	5613	5498	44.5406	25.0866
rna-XR_002639345.1	5612	5497	55.2648	31.1324
rna-XR_002640026.1	5445	5330	425.127	246.991
rna-XR_002640025.1	5444	5329	531.086	308.609
rna-XR_002639949.1	805	694.067	21	93.6932
rna-XR_002639245.1	2746	2631	101.311	119.241
rna-XR_002639362.1	1812	1697	56	102.187
rna-XR_002640008.1	3005	2890	49.4103	52.9432
rna-XR_002639469.1	7086	6971	130.491	57.9665
rna-XR_002639470.1	7088	6973	92.8596	41.238
rna-XR_002639210.1	1114	998.996	6.79402	21.0597
rna-XR_002639740.1	1217	1102	76	213.562
rna-XR_002639739.1	8041	7926	397.109	155.148
rna-XR_002639738.1	8035	7920	26.178	10.2353
rna-XR_002639973.1	7598	7483	1224.98	506.923
rna-XR_002639391.1	1050	934.996	45.1314	149.472
rna-XR_002639392.1	2117	2002	79.4615	122.909
rna-XR_002639891.1	33247	33132	1147.44	107.243
rna-XR_002639515.1	3396	3281	80.0525	75.5543
rna-XR_002639516.1	628	518.479	42	250.846
rna-XR_002639327.1	879	766.994	31	125.158
rna-XR_002639680.1	946	832.162	11.5438	42.9567
rna-XR_002639679.1	3627	3512	42.0875	37.1098
rna-XR_002639580.1	13636	13521	370.626	84.8822
rna-XR_002639581.1	13636	13521	370.626	84.8822
rna-XR_002639582.1	13636	13521	370.626	84.8822
rna-XR_002639583.1	13636	13521	370.626	84.8822
rna-XR_002639474.1	1379	1264	4.72688	11.5803
rna-XR_002639475.1	1466	1351	23.9402	54.8737
rna-XR_002639476.1	1586	1471	11.9148	25.0821
rna-XR_002639477.1	1362	1247	19	47.1822
rna-XR_002639133.1	1570	1455	130.395	277.516
rna-XR_002633647.1	1439	1324	119	278.324
rna-XR_002639422.1	15808	15693	503.198	99.2939
rna-XR_002639423.1	2354	2239	127	175.647
rna-XR_002639424.1	946	832.162	11	40.9331
rna-XR_002633652.1	20973	20858	1468.95	218.084
rna-XR_002639628.1	1895	1780	44.8654	78.0517
rna-XR_002633619.1	1287	1172	0	0
rna-XR_002633620.1	2064	1949	32	50.8427
rna-XR_002639790.1	1691	1576	172	337.958
rna-XR_002640019.1	1200	1085	4.40797	12.5806
rna-XR_002633624.1	3121	3006	28	28.8443
rna-XR_002639156.1	1476	1361	15	34.129
rna-XR_002639433.1	880	767.994	12	48.3853
rna-XR_002639257.1	1010	894.996	7.57866	26.2217
rna-XR_002639317.1	875	763.098	8.42283	34.1796
rna-XR_002639507.1	930	816.33	41.2223	156.371
rna-XR_002639153.1	910	796.496	1.74081	6.76797
rna-XR_002639152.1	910	796.496	1.74081	6.76797
rna-XR_002639428.1	1010	894.996	0	0
rna-XR_002639295.1	876	763.994	2.09555	8.49371
rna-XR_002639479.1	1015	899.996	17.199	59.1771
rna-XR_002639315.1	801	690.067	4	17.9498
rna-XR_002639154.1	1672	1557	20.0191	39.815
rna-XR_002639434.1	800	689.067	5	22.4698
rna-XR_002639578.1	562	453.245	4	27.3286
rna-XR_002633648.1	9605	9490	432.158	141.015
rna-XR_002633649.1	804	693.067	0	0
rna-XR_002639694.1	695	584.686	5	26.4812
rna-XR_002640016.1	2253	2138	198.733	287.841
rna-XR_002639791.1	1026	910.996	0	0
rna-XR_002639344.1	4064	3949	32	25.093
rna-XR_002639638.1	875	763.098	0	0
rna-XR_002639472.1	638	528.407	6	35.1619
rna-XR_002639984.1	511	402.509	13	100.013
rna-XR_002639361.1	2874	2759	218.415	245.144
rna-XR_002639368.1	3027	2912	12.4712	13.2619
rna-XR_002639161.1	6562	6447	147.67	70.9291
rna-XR_002639389.1	2702	2587	106.534	127.521
rna-XR_002639388.1	3724	3609	0	0
rna-XR_002639885.1	5132	5017	230	141.963
rna-XR_002639272.1	3051	2936	46	48.5168
rna-XR_002639351.1	3133	3018	87.7889	90.0763
rna-XR_002639674.1	16606	16491	3810.41	715.509
rna-XR_002639876.1	4301	4186	357.119	264.182
rna-XR_002633622.1	5218	5103	5.68766e-07	3.45142e-07
rna-XR_002633623.1	5060	4945	8.12484	5.0879
rna-XR_002640020.1	1054	938.996	14.2518	46.9998
rna-XR_002639160.1	8768	8653	503.519	180.193
rna-XR_002639176.1	1755	1640	50.7879	95.8975
rna-XR_002639889.1	6599	6484	71.7588	34.2706
rna-XR_002639593.1	1161	1046	35.1499	104.06
rna-XR_002639248.1	3673	3558	81.8122	71.2037
rna-XR_002639371.1	1828	1713	12.1208	21.9112
rna-XR_002639370.1	1765	1650	0	0
rna-XR_002633629.1	2158	2043	55	83.3652
rna-XR_002639537.1	3684	3569	0	0
rna-XR_002639538.1	3684	3569	0	0
rna-XR_002639985.1	9862	9747	1437.12	456.576
rna-XR_002639948.1	4426	4311	168.037	120.703
rna-XR_002639997.1	1551	1436	0	0
rna-XR_002639263.1	4179	4064	0	0
rna-XR_002639262.1	4877	4762	21.1787	13.7721
rna-XR_002639806.1	10355	10240	1568.87	474.435
rna-XR_002639854.1	7598	7483	74.0966	30.6629
rna-XR_002639960.1	10376	10261	199.139	60.0976
rna-XR_002639959.1	2048	1933	0	0
rna-XR_002639912.1	9106	8991	98.9337	34.0742
rna-XR_002639707.1	1340	1225	120	303.345
rna-XR_002639165.1	2960	2845	11.1443	12.13
rna-XR_002639135.1	3935	3820	185.282	150.196
rna-XR_002639325.1	1085	969.996	29.2804	93.4754
rna-XR_002639552.1	1312	1197	12.1618	31.4625
rna-XR_002639556.1	16987	16872	4067.16	746.473
rna-XR_002639555.1	1262	1147	39.5791	106.855
rna-XR_002639554.1	1929	1814	44.6029	76.1406
rna-XR_002639553.1	1082	966.996	144	461.134
rna-XR_002633644.1	1621	1506	41.2724	84.8644
rna-XR_002639429.1	5628	5513	106.756	59.9647
rna-XR_002639430.1	5628	5513	106.756	59.9647
rna-XR_002639431.1	5628	5513	106.756	59.9647
rna-XR_002639432.1	5628	5513	106.756	59.9647
rna-XR_002639228.1	961	846.818	10.873	39.7601
rna-XR_002639310.1	1027	911.996	5	16.9772
rna-XR_002639162.1	3889	3774	1256.77	1031.2
rna-XR_002639980.1	3313	3198	151.12	146.33
rna-XR_002639981.1	3313	3198	151.12	146.33
rna-XR_002639920.1	4341	4226	617.115	452.196
rna-XR_002639918.1	2397	2282	0	0
rna-XR_002639919.1	2955	2840	0	0
rna-XR_002639917.1	2991	2876	0	0
rna-XR_002639337.1	4043	3928	64.4704	50.8252
rna-XR_002639335.1	7700	7585	18.187	7.42498
rna-XR_002639336.1	18355	18240	3847.62	653.216
rna-XR_002639334.1	2453	2338	0	0
rna-XR_002639878.1	2572	2457	62	78.1406
rna-XR_002639521.1	31917	31802	805.582	78.4414
rna-XR_002639522.1	19998	19883	0	0
rna-XR_002639523.1	12262	12147	38.5204	9.82
rna-XR_002639524.1	2772	2657	111.739	130.228
rna-XR_002639353.1	4837	4722	0	0
rna-XR_002639354.1	14848	14733	621.159	130.557
rna-XR_002633661.1	5498	5383	91.6664	52.7322
rna-XR_002639126.1	30155	30040	2036.46	209.926
rna-XR_002639127.1	30155	30040	2036.46	209.926
rna-XR_002639158.1	2031	1916	547.217	884.412
rna-XR_002639157.1	2017	1902	517.783	843
rna-XR_002639462.1	2443	2328	0	0
rna-XR_002639461.1	2496	2381	24.5335	31.9073
rna-XR_002639873.1	2290	2175	64.2247	91.4394
rna-XR_002639871.1	2292	2177	21.5918	30.7129
rna-XR_002639872.1	2292	2177	21.5918	30.7129
rna-XR_002639874.1	2292	2177	21.5918	30.7129
rna-XR_002639672.1	1597	1482	4.59345	9.59801
rna-XR_002639671.1	1533	1418	0	0
rna-XR_002639719.1	3184	3069	87.5106	88.2987
rna-XR_002639383.1	1682	1567	38.6242	76.3276
rna-XR_002639852.1	752	641.523	0.000447708	0.00216108
rna-XR_002639853.1	747	636.523	4.79928	23.3481
rna-XR_002639455.1	511	402.509	5.08733	39.1384
rna-XR_002639606.1	14976	14861	5188.54	1081.15
rna-XR_002639886.1	6528	6413	674.398	325.645
rna-XR_002639887.1	12734	12619	1102.27	270.492
rna-XR_002639301.1	9316	9201	657.542	221.298
rna-XR_002639300.1	11475	11360	176.019	47.9813
rna-XR_002640021.1	2050	1935	20.2559	32.4161
rna-XR_002639895.1	1799	1684	60.168	110.64
rna-XR_002639289.1	28285	28170	4833.39	531.319
rna-XR_002639877.1	7256	7141	160.267	69.4984
rna-XR_002639805.1	4029	3914	969.534	767.065
rna-XR_002639952.1	2591	2476	218.564	273.349
rna-XR_002639708.1	2040	1925	136.938	220.284
rna-XR_002639819.1	1809	1694	220.5	403.075
rna-XR_002639820.1	1809	1694	220.5	403.075
rna-XR_002639631.1	15969	15854	0	0
rna-XR_002639632.1	15969	15854	0	0
rna-XR_002639634.1	15969	15854	0	0
rna-XR_002639633.1	30210	30095	4426.57	455.473
rna-XR_002639359.1	2285	2170	347.354	495.682
rna-XR_002639123.1	723	612.565	70	353.863
rna-XR_002639564.1	1923	1808	6	10.2765
rna-XR_002639635.1	980	865.294	23	82.3103
rna-XR_002639636.1	1587	1472	25	52.5924
rna-XR_002639545.1	8439	8324	345.886	128.674
rna-XR_002639546.1	8439	8324	345.886	128.674
rna-XR_002639714.1	2490	2375	843.612	1099.94
rna-XR_002639338.1	5461	5346	1977.61	1145.52
rna-XR_002639930.1	8460	8345	503.289	186.759
rna-XR_002639608.1	1221	1106	189.47	530.488
rna-XR_002639609.1	973	858.411	14	50.5036
rna-XR_002639610.1	1694	1579	37.8967	74.3207
rna-XR_002639611.1	582	472.989	222	1453.42
rna-XR_002639859.1	29909	29794	2774.5	288.367
rna-XR_002639695.1	8528	8413	840.021	309.193
rna-XR_002639696.1	10911	10796	1022.53	293.293
rna-XR_002639697.1	8208	8093	0	0
rna-XR_002639170.1	4387	4272	1009.37	731.663
rna-XR_002639974.1	1263	1148	36.8826	99.4879
rna-XR_002639398.1	13312	13197	0.75075	0.176161
rna-XR_002639399.1	13312	13197	0.75075	0.176161
rna-XR_002639400.1	13226	13111	598.245	141.297
rna-XR_002639662.1	6254	6139	1564.47	789.15
rna-XR_002639663.1	1908	1793	154.635	267.065
rna-XR_002639863.1	1221	1106	16.8981	47.3124
rna-XR_002639864.1	1599	1484	135.04	281.786
rna-XR_002639544.1	2889	2774	34.1121	38.0796
rna-XR_002639508.1	36604	36489	461.622	39.1755
rna-XR_002639509.1	36604	36489	461.622	39.1755
rna-XR_002639510.1	36604	36489	461.622	39.1755
rna-XR_002639511.1	36604	36489	461.622	39.1755
rna-XR_002639512.1	36604	36489	461.622	39.1755
rna-XR_002639513.1	36604	36489	461.622	39.1755
rna-XR_002639514.1	36603	36488	476.873	40.4708
rna-XR_002633634.1	5272	5157	383.037	230.003
rna-XR_002633642.1	3000	2885	48.4122	51.9637
rna-XR_002639149.1	849	737.822	25.3599	106.435
rna-XR_002639592.1	1602	1487	14.0579	29.2753
rna-XR_002639759.1	1565	1450	32	68.3397
rna-XR_002639225.1	5378	5263	156.428	92.0386
rna-XR_002639224.1	814	703.019	14	61.6667
rna-XR_002639221.1	1296	1181	93	243.851
rna-XR_002639223.1	2824	2709	19.0167	21.7379
rna-XR_002639222.1	8221	8106	921.376	351.982
rna-XR_002639226.1	6165	6050	1881.49	963.024
rna-XR_002640034.1	199	97.6779	88	2789.82
rna-XR_002633804.1	3766	3651	125.198	106.188
rna-XR_002633805.1	3766	3651	125.198	106.188
rna-XR_002634080.1	1121	1006	206	634.104
rna-XR_002633917.1	404	296.578	0	0
rna-XR_002633881.1	2009	1894	70.896	115.913
rna-XR_002633677.1	7389	7274	48.5409	20.6645
rna-XR_002633678.1	7389	7274	48.5409	20.6645
rna-XR_002633679.1	7389	7274	48.5409	20.6645
rna-XR_002633680.1	7389	7274	48.5409	20.6645
rna-XR_002633681.1	7389	7274	48.5409	20.6645
rna-XR_002633682.1	7389	7274	48.5409	20.6645
rna-XR_002633683.1	7389	7274	48.5409	20.6645
rna-XR_002633684.1	7389	7274	48.5409	20.6645
rna-XR_002633685.1	7389	7274	48.5409	20.6645
rna-XR_002633686.1	7389	7274	48.5409	20.6645
rna-XR_002633687.1	7389	7274	48.5409	20.6645
rna-XR_002634304.1	16072	15957	1395.27	270.768
rna-XR_002634305.1	15910	15795	0	0
rna-XR_002634303.1	10144	10029	0	0
rna-XR_002634306.1	10144	10029	0	0
rna-XR_002634307.1	9227	9112	0	0
rna-XR_002633800.1	44091	43976	5609.43	394.996
rna-XR_002634233.1	3032	2917	243.871	258.889
rna-XR_002633907.1	15068	14953	2374.9	491.82
rna-XR_002634370.1	14774	14659	2412	509.521
rna-XR_002633922.1	4683	4568	19	12.8801
rna-XR_002633793.1	2914	2799	78.8636	87.2497
rna-XR_002633890.1	2405	2290	0	0
rna-XR_002633892.1	2304	2189	38.9723	55.1316
rna-XR_002633893.1	3847	3732	114.731	95.1986
rna-XR_002634143.1	2074	1959	29	45.841
rna-XR_002634144.1	1994	1879	25.6338	42.2451
rna-XR_002634146.1	4614	4499	125.355	86.2812
rna-XR_002634138.1	1134	1019	7.89358	23.9878
rna-XR_002634148.1	1233	1118	7	19.3886
rna-XR_002634145.1	1273	1158	23	61.505
rna-XR_002634140.1	5919	5804	141.783	75.6459
rna-XR_002634141.1	5919	5804	141.783	75.6459
rna-XR_002634142.1	5919	5804	141.783	75.6459
rna-XR_002634139.1	2428	2313	86.0251	115.17
rna-XR_002634147.1	2579	2464	64.9928	81.6798
rna-XR_002633671.1	2263	2148	94.0931	135.648
rna-XR_002634432.1	2584	2469	937.554	1175.89
rna-XR_002633847.1	5343	5228	110.666	65.5494
rna-XR_002633670.1	1314	1199	29	74.898
rna-XR_002634175.1	2590	2475	0	0
rna-XR_002634174.1	2283	2168	3.31488	4.73476
rna-XR_002634086.1	3884	3769	0	0
rna-XR_002634084.1	16178	16063	2087.31	402.392
rna-XR_002634085.1	16178	16063	2087.31	402.392
rna-XR_002634089.1	1894	1779	112.169	195.248
rna-XR_002634088.1	1215	1100	28.3541	79.8206
rna-XR_002634087.1	3722	3607	2647.54	2272.93
rna-XR_002634380.1	2470	2355	0	0
rna-XR_002634189.1	1042	926.996	615.674	2056.66
rna-XR_002633871.1	4258	4143	13.6564	10.2073
rna-XR_002633872.1	4258	4143	13.6564	10.2073
rna-XR_002633727.1	749	638.523	77.3273	375.012
rna-XR_002633675.1	2203	2088	20.0282	29.7031
rna-XR_002634458.1	1618	1503	356	733.469
rna-XR_002633832.1	2210	2095	38.6637	57.1491
rna-XR_002633833.1	2280	2165	2.93379	4.19625
rna-XR_002633834.1	857	745.72	38	157.796
rna-XR_002634381.1	9654	9539	2662.89	864.449
rna-XR_002634451.1	1550	1435	44.2034	95.3881
rna-XR_002633723.1	2002	1887	0	0
rna-XR_002633741.1	8445	8330	0	0
rna-XR_002633742.1	7164	7049	3.02978	1.33099
rna-XR_002633791.1	2929	2814	177.001	194.779
rna-XR_002633669.1	2979	2864	151.836	164.169
rna-XR_002634135.1	3725	3610	1384.3	1187.45
rna-XR_002634356.1	832	720.971	23	98.787
rna-XR_002634361.1	419	311.243	202	2009.75
rna-XR_002634358.1	2955	2840	1396	1522.15
rna-XR_002634352.1	3614	3499	103.281	91.4045
rna-XR_002634353.1	2228	2113	0	0
rna-XR_002634357.1	4697	4582	319.554	215.963
rna-XR_002634351.1	2954	2839	223.175	243.428
rna-XR_002634354.1	1759	1644	66.518	125.293
rna-XR_002634355.1	1203	1088	61	173.617
rna-XR_002634359.1	1712	1597	24.5006	47.5075
rna-XR_002634360.1	1712	1597	24.5006	47.5075
rna-XR_002633797.1	1930	1815	1.00568	1.71582
rna-XR_002633786.1	4725	4610	19.4976	13.097
rna-XR_002634269.1	4548	4433	43.9646	30.7111
rna-XR_002634270.1	4548	4433	43.9646	30.7111
rna-XR_002634271.1	4548	4433	43.9646	30.7111
rna-XR_002634302.1	2557	2442	3	3.80422
rna-XR_002634266.1	1171	1056	10.4574	30.6654
rna-XR_002634267.1	1599	1484	31	64.6872
rna-XR_002634265.1	2828	2713	22.5133	25.6969
rna-XR_002634264.1	4212	4097	0	0
rna-XR_002634263.1	3330	3215	0	0
rna-XR_002633700.1	628	518.479	12	71.6704
rna-XR_002634275.1	3216	3101	49.768	49.6979
rna-XR_002633724.1	2345	2230	519.253	721.049
rna-XR_002634052.1	731	620.523	16.5781	82.7305
rna-XR_002634051.1	464	355.877	0	0
rna-XR_002633978.1	1447	1332	72	167.386
rna-XR_002633977.1	1616	1501	71.4288	147.361
rna-XR_002633976.1	25689	25574	2060.41	249.485
rna-XR_002633733.1	2627	2512	104.051	128.267
rna-XR_002634440.1	2739	2624	171.022	201.826
rna-XR_002633746.1	4663	4548	123.335	83.9765
rna-XR_002633745.1	2303	2188	79.3429	112.293
rna-XR_002633885.1	4353	4238	67.3945	49.244
rna-XR_002633886.1	4353	4238	67.3945	49.244
rna-XR_002634072.1	7860	7745	103.492	41.3785
rna-XR_002634328.1	4253	4138	264	197.562
rna-XR_002633738.1	4745	4630	74.5024	49.8287
rna-XR_002633739.1	5005	4890	0	0
rna-XR_002634368.1	1410	1295	18	43.0421
rna-XR_002634363.1	1331	1216	425.243	1082.91
rna-XR_002634364.1	1535	1420	64	139.567
rna-XR_002634366.1	41179	41064	1451.31	109.443
rna-XR_002634367.1	39223	39108	2893.14	229.084
rna-XR_002634365.1	7521	7406	93.3411	39.0282
rna-XR_002634041.1	430	322.155	0	0
rna-XR_002634281.1	1926	1811	106.061	181.354
rna-XR_002634064.1	3648	3533	234.03	205.125
rna-XR_002634063.1	8575	8460	222.005	81.2611
rna-XR_002634274.1	938	824.218	17	63.8699
rna-XR_002634226.1	2159	2044	122.29	185.269
rna-XR_002634225.1	2042	1927	41.4127	66.5491
rna-XR_002634227.1	11651	11536	1040.38	279.271
rna-XR_002634221.1	1303	1188	38.9835	101.614
rna-XR_002634450.1	6077	5962	726.401	377.289
rna-XR_002634449.1	1146	1031	2.55708	7.68027
rna-XR_002634214.1	3851	3736	327.827	271.724
rna-XR_002633851.1	493	384.671	5	40.2504
rna-XR_002633850.1	1193	1078	0	0
rna-XR_002633848.1	6508	6393	300.901	145.75
rna-XR_002633849.1	4907	4792	0	0
rna-XR_002633668.1	16567	16452	1448.83	272.702
rna-XR_002634308.1	2629	2514	62.2973	76.7352
rna-XR_002634126.1	13169	13054	602.002	142.805
rna-XR_002633748.1	5545	5430	134	76.4179
rna-XR_002633712.1	1763	1648	83	155.959
rna-XR_002633981.1	471	362.852	31	264.559
rna-XR_002633980.1	1710	1595	33.5549	65.1457
rna-XR_002633689.1	2288	2173	13.8579	19.7482
rna-XR_002633690.1	1893	1778	25.6851	44.7342
rna-XR_002634209.1	6216	6101	364.261	184.885
rna-XR_002634211.1	2203	2088	0	0
rna-XR_002634210.1	6041	5926	1290.18	674.184
rna-XR_002633782.1	2622	2507	252.276	311.611
rna-XR_002633983.1	1575	1460	14	29.6938
rna-XR_002634030.1	1230	1115	41.2058	114.439
rna-XR_002634027.1	14055	13940	2159.54	479.721
rna-XR_002634031.1	5932	5817	210.034	111.81
rna-XR_002634026.1	4159	4044	414.779	317.611
rna-XR_002634025.1	4160	4045	309.36	236.83
rna-XR_002634032.1	2985	2870	314.223	339.036
rna-XR_002634028.1	2060	1945	34.2685	54.5589
rna-XR_002634033.1	521	412.509	36.891	276.934
rna-XR_002634029.1	1113	997.996	22	68.2627
rna-XR_002634325.1	10759	10644	1974.38	574.403
rna-XR_002634324.1	8654	8539	118.297	42.9
rna-XR_002634326.1	1643	1528	184	372.894
rna-XR_002634327.1	1255	1140	6	16.2981
rna-XR_002634323.1	3255	3140	489.198	482.442
rna-XR_002634322.1	16613	16498	6976.74	1309.52
rna-XR_002634047.1	8981	8866	3720.6	1299.5
rna-XR_002634048.1	2817	2702	358.603	410.979
rna-XR_002634046.1	2119	2004	67.3012	103.996
rna-XR_002633736.1	4503	4388	259.054	182.816
rna-XR_002633966.1	657	547.076	24.5447	138.931
rna-XR_002633951.1	3535	3420	44	39.8398
rna-XR_002634056.1	3971	3856	118.953	95.5272
rna-XR_002634057.1	6287	6172	364.254	182.755
rna-XR_002633841.1	9803	9688	1308.19	418.145
rna-XR_002633695.1	2165	2050	27.9745	42.2571
rna-XR_002633696.1	2161	2046	0.00145958	0.00220908
rna-XR_002633952.1	1546	1431	2	4.32794
rna-XR_002634395.1	9689	9574	0.397805	0.128667
rna-XR_002634394.1	11689	11574	9.01074	2.41083
rna-XR_002634393.1	11690	11575	8.13317	2.17585
rna-XR_002633789.1	1398	1283	75.2079	181.521
rna-XR_002634279.1	2181	2066	5.01583	7.51801
rna-XR_002634280.1	866	754.566	0	0
rna-XR_002634406.1	3089	2974	39.7859	41.4265
rna-XR_002634405.1	2790	2675	21.8765	25.3247
rna-XR_002633842.1	1935	1820	92	156.533
rna-XR_002634127.1	3346	3231	23	22.0435
rna-XR_002634396.1	829	717.971	130	560.694
rna-XR_002634158.1	1906	1791	84.7966	146.613
rna-XR_002633942.1	2079	1964	188.509	297.222
rna-XR_002633940.1	4656	4541	419.135	285.82
rna-XR_002633939.1	3758	3643	0	0
rna-XR_002633938.1	4070	3955	0	0
rna-XR_002633943.1	2603	2488	362.069	450.641
rna-XR_002633947.1	541	432.365	20	143.241
rna-XR_002633941.1	3525	3410	571.715	519.177
rna-XR_002633948.1	758	647.523	72.2926	345.723
rna-XR_002633949.1	1046	930.996	83	276.07
rna-XR_002633946.1	10863	10748	439.133	126.52
rna-XR_002633945.1	12856	12741	623.962	151.651
rna-XR_002633944.1	11574	11459	5.23731e-07	1.41531e-07
rna-XR_002633844.1	2784	2669	138	160.111
rna-XR_002633845.1	2784	2669	138	160.111
rna-XR_002633754.1	2867	2752	0.114308	0.128623
rna-XR_002633752.1	2858	2743	5.56299	6.28019
rna-XR_002633753.1	2375	2260	59.4938	81.5181
rna-XR_002634321.1	2487	2372	26.8622	35.0685
rna-XR_002633760.1	3172	3057	283.268	286.94
rna-XR_002634392.1	8352	8237	2562.11	963.204
rna-XR_002633934.1	1947	1832	12.3136	20.8137
rna-XR_002633933.1	1977	1862	5.29756e-08	8.81022e-08
rna-XR_002634345.1	2816	2701	94.968	108.879
rna-XR_002634340.1	4948	4833	14.0635	9.01085
rna-XR_002633916.1	2018	1903	18	29.2903
rna-XR_002633839.1	1868	1753	600.215	1060.27
rna-XR_002634272.1	11970	11855	1554.91	406.156
rna-XR_002633838.1	12293	12178	3853.65	979.911
rna-XR_002633837.1	6512	6397	109.628	53.0683
rna-XR_002633836.1	6502	6387	701.022	339.879
rna-XR_002634128.1	1998	1883	27.9881	46.0271
rna-XR_002634129.1	3545	3430	700.624	632.53
rna-XR_002634198.1	8316	8201	369.124	139.378
rna-XR_002634199.1	8316	8201	369.124	139.378
rna-XR_002634298.1	4388	4273	286.741	207.801
rna-XR_002633967.1	963	848.818	0	0
rna-XR_002633823.1	1926	1811	23.1505	39.5853
rna-XR_002633824.1	1926	1811	23.1505	39.5853
rna-XR_002633992.1	1861	1746	49	86.9045
rna-XR_002634038.1	3776	3661	1640.42	1387.54
rna-XR_002634382.1	4193	4078	59.6757	45.3148
rna-XR_002634383.1	4193	4078	59.6757	45.3148
rna-XR_002634170.1	2383	2268	8.22474	11.2297
rna-XR_002634171.1	2383	2268	8.22474	11.2297
rna-XR_002634165.1	6235	6120	0	0
rna-XR_002634168.1	6235	6120	0	0
rna-XR_002634167.1	16449	16334	491.709	93.2192
rna-XR_002634169.1	16449	16334	491.709	93.2192
rna-XR_002634166.1	20571	20456	234.988	35.5726
rna-XR_002634445.1	648	538.151	0	0
rna-XR_002634444.1	2492	2377	4.44933	5.79637
rna-XR_002634369.1	2190	2075	220.71	329.377
rna-XR_002634446.1	582	472.989	5	32.7347
rna-XR_002634042.1	6930	6815	349.869	158.975
rna-XR_002633693.1	4535	4420	0	0
rna-XR_002633694.1	25490	25375	1066.24	130.119
rna-XR_002633692.1	2701	2586	0	0
rna-XR_002633970.1	5356	5241	834.493	493.059
rna-XR_002633969.1	12653	12538	178.038	43.9718
rna-XR_002633971.1	12203	12088	1607.17	411.714
rna-XR_002634043.1	640	530.37	4	23.3545
rna-XR_002633906.1	1409	1294	7	16.7515
rna-XR_002633912.1	1515	1400	38	84.0517
rna-XR_002633711.1	6000	5885	1433.48	754.284
rna-XR_002633710.1	1577	1462	18.7369	39.6864
rna-XR_002633709.1	1213	1098	2.43886	6.87822
rna-XR_002634202.1	5871	5756	1521.03	818.291
rna-XR_002634389.1	742	631.523	72	353.047
rna-XR_002633968.1	1231	1116	124.712	346.048
rna-XR_002633665.1	3686	3571	478.424	414.871
rna-XR_002633666.1	1251	1136	0	0
rna-XR_002633769.1	3975	3860	649.486	521.042
rna-XR_002633972.1	2471	2356	508.144	667.885
rna-XR_002633761.1	2166	2051	25.3875	38.3305
rna-XR_002634329.1	4174	4059	431.382	329.104
rna-XR_002633997.1	16749	16634	581.879	108.324
rna-XR_002633750.1	1343	1228	0	0
rna-XR_002633714.1	9150	9035	1403.79	481.131
rna-XR_002633717.1	9150	9035	1403.79	481.131
rna-XR_002633713.1	13671	13556	0	0
rna-XR_002633716.1	13671	13556	0	0
rna-XR_002633715.1	25291	25176	1299.84	159.879
rna-XR_002633718.1	1178	1063	125	364.14
rna-XR_002634411.1	859	747.72	38.1292	157.909
rna-XR_002633776.1	2147	2032	35.5978	54.2488
rna-XR_002633756.1	1134	1019	0	0
rna-XR_002633755.1	19742	19627	0	0
rna-XR_002633757.1	45530	45415	1758.53	119.906
rna-XR_002633758.1	687	576.845	0	0
rna-XR_002633870.1	1725	1610	30.4034	58.4772
rna-XR_002633673.1	3707	3592	60	51.7255
rna-XR_002633905.1	694	583.686	0	0
rna-XR_002634151.1	1480	1365	0	0
rna-XR_002633676.1	14238	14123	1089.12	238.802
rna-XR_002633843.1	11067	10952	1124.17	317.854
rna-XR_002633737.1	972	857.528	1.18703	4.2865
rna-XR_002633899.1	4442	4327	16.2074	11.5989
rna-XR_002633898.1	4441	4326	21.3188	15.2604
rna-XR_002634291.1	13591	13476	1787.16	410.67
rna-XR_002633792.1	926	812.386	2.16532	8.25371
rna-XR_002633996.1	558	449.245	0	0
rna-XR_002634122.1	2795	2680	43.5198	50.2854
rna-XR_002634123.1	2796	2681	27.9596	32.2942
rna-XR_002634124.1	2796	2681	27.9596	32.2942
rna-XR_002634435.1	1661	1546	30	60.09
rna-XR_002634002.1	1942	1827	0	0
rna-XR_002634003.1	1942	1827	0	0
rna-XR_002634044.1	1406	1291	19.5058	46.7875
rna-XR_002634338.1	5570	5455	1046.25	593.925
rna-XR_002634339.1	1418	1303	49.7526	118.239
rna-XR_002633707.1	3956	3841	40.2783	32.4726
rna-XR_002633708.1	3956	3841	40.2783	32.4726
rna-XR_002633702.1	832	720.971	63.4204	272.396
rna-XR_002634459.1	2717	2602	22.4872	26.762
rna-XR_002634159.1	3659	3544	374.675	327.379
rna-XR_002633728.1	3618	3503	123.391	109.077
rna-XR_002633778.1	15853	15738	282.228	55.5316
rna-XR_002633779.1	15853	15738	282.228	55.5316
rna-XR_002633664.1	8513	8398	1179.63	434.971
rna-XR_002633878.1	2911	2796	55.6863	61.674
rna-XR_002633877.1	2876	2761	0.000224044	0.000251279
rna-XR_002633880.1	2909	2794	130.112	144.205
rna-XR_002633879.1	2877	2762	0.000145819	0.000163486
rna-XR_002633801.1	4945	4830	938.674	601.808
rna-XR_002634192.1	1076	960.996	105	338.343
rna-XR_002633897.1	2633	2518	112.608	138.485
rna-XR_002633895.1	2948	2833	0	0
rna-XR_002633896.1	3789	3674	51.8339	43.6883
rna-XR_002634294.1	1645	1530	0	0
rna-XR_002634401.1	2936	2821	143.415	157.428
rna-XR_002634402.1	2936	2821	143.415	157.428
rna-XR_002634164.1	3598	3483	30.4192	27.0448
rna-XR_002634163.1	838	726.872	0	0
rna-XR_002633999.1	3369	3254	131.458	125.1
rna-XR_002634082.1	2375	2260	11	15.0721
rna-XR_002634083.1	5135	5020	50	30.843
rna-XR_002634316.1	3912	3797	551.608	449.863
rna-XR_002634443.1	2238	2123	0.00302059	0.00440588
rna-XR_002634442.1	2242	2127	40.1601	58.468
rna-XR_002633894.1	965	850.702	11	40.041
rna-XR_002633701.1	3834	3719	160.798	133.889
rna-XR_002633993.1	901	787.874	225.31	885.549
rna-XR_002634372.1	1529	1414	64	140.159
rna-XR_002634336.1	2596	2481	303.315	378.58
rna-XR_002633891.1	1973	1858	18	29.9997
rna-XR_002633799.1	2203	2088	55.9101	82.9183
rna-XR_002634293.1	1124	1009	34.7637	106.69
rna-XR_002634292.1	1139	1024	68.2363	206.351
rna-XR_002634071.1	11697	11582	1583.73	423.437
rna-XR_002634070.1	6937	6822	894.336	405.956
rna-XR_002634066.1	16204	16089	95.2293	18.3287
rna-XR_002634067.1	16204	16089	95.2293	18.3287
rna-XR_002634068.1	16204	16089	95.2293	18.3287
rna-XR_002634069.1	16204	16089	95.2293	18.3287
rna-XR_002634399.1	5599	5484	48.222	27.2294
rna-XR_002633749.1	7461	7346	505.793	213.212
rna-XR_002634431.1	1322	1207	129.409	332.008
rna-XR_002634076.1	1210	1095	9.99694	28.2712
rna-XR_002633806.1	4682	4567	61.5836	41.7565
rna-XR_002634296.1	7856	7741	460.701	184.294
rna-XR_002634254.1	15372	15257	1440.21	292.312
rna-XR_002634253.1	15374	15259	1232.85	250.193
rna-XR_002633835.1	955	840.991	65	239.338
rna-XR_002634342.1	3040	2925	69.2868	73.3525
rna-XR_002634379.1	1280	1165	30	79.7419
rna-XR_002633826.1	3065	2950	8.79125	9.22824
rna-XR_002634447.1	4540	4425	569.063	398.233
rna-XR_002634371.1	1191	1076	13	37.413
rna-XR_002634173.1	1202	1087	1.24181	3.53766
rna-XR_002634419.1	6020	5905	46.503	24.3866
rna-XR_002634417.1	8002	7887	77.1403	30.2872
rna-XR_002634418.1	6064	5949	20.8762	10.8667
rna-XR_002634416.1	6058	5943	69.0879	35.9987
rna-XR_002634297.1	650	540.151	19	108.925
rna-XR_002634448.1	2015	1900	0	0
rna-XR_002634385.1	2270	2155	14	20.1174
rna-XR_002634376.1	3131	3016	154.117	158.238
rna-XR_002634377.1	6667	6552	509.301	240.708
rna-XR_002634373.1	11542	11427	381.969	103.511
rna-XR_002634374.1	11542	11427	381.969	103.511
rna-XR_002634375.1	11542	11427	381.969	103.511
rna-XR_002634150.1	1458	1343	2	4.61153
rna-XR_002634149.1	2327	2212	94	131.593
rna-XR_002634252.1	4279	4164	100.567	74.7886
rna-XR_002633927.1	1935	1820	17.4214	29.6416
rna-XR_002633928.1	3318	3203	43.1907	41.7564
rna-XR_002633929.1	1270	1155	21.6432	58.027
rna-XR_002634409.1	1279	1164	0	0
rna-XR_002634410.1	1248	1133	19.5233	53.3597
rna-XR_002634276.1	7314	7199	38.9079	16.7362
rna-XR_002634090.1	2750	2635	9.75264	11.4612
rna-XR_002634098.1	4727	4612	4.95452	3.32662
rna-XR_002634099.1	3764	3649	50.796	43.1068
rna-XR_002634096.1	3035	2920	115.595	122.587
rna-XR_002634097.1	4281	4166	20.5559	15.2794
rna-XR_002634100.1	1546	1431	151.73	328.339
rna-XR_002634094.1	1958	1843	287.596	483.224
rna-XR_002634091.1	5613	5498	63.5292	35.7815
rna-XR_002634092.1	5613	5498	63.5292	35.7815
rna-XR_002634093.1	5613	5498	63.5292	35.7815
rna-XR_002633770.1	1702	1587	19.5039	38.0571
rna-XR_002633771.1	1531	1416	12.1462	26.5624
rna-XR_002633785.1	5696	5581	29.3452	16.2823
rna-XR_002633783.1	3118	3003	52.3745	54.0076
rna-XR_002633784.1	3116	3001	115.418	119.096
rna-XR_002633903.1	2092	1977	63.8309	99.9805
rna-XR_002633904.1	2092	1977	63.8309	99.9805
rna-XR_002634455.1	1827	1712	436.194	788.982
rna-XR_002634454.1	551	442.245	227.806	1595.11
rna-XR_002634457.1	2642	2527	336	411.741
rna-XR_002634456.1	2108	1993	651	1011.5
rna-XR_002634452.1	5436	5321	748.192	435.422
rna-XR_002634453.1	5301	5186	2.80761	1.67647
rna-XR_002634224.1	3594	3479	813.719	724.286
rna-XR_002634215.1	2859	2744	42.487	47.947
rna-XR_002633884.1	5791	5676	6.05496	3.30338
rna-XR_002633883.1	5790	5675	7.46217	4.07183
rna-XR_002633882.1	5789	5674	9.19676	5.01921
rna-XR_002633798.1	1091	975.996	26.9511	85.5103
rna-XR_002633667.1	3797	3682	61.6287	51.831
rna-XR_002634388.1	3838	3723	11	9.14934
rna-XR_002634049.1	1350	1235	218	546.614
rna-XR_002634332.1	1621	1506	36.8789	75.8305
rna-XR_002633816.1	7756	7641	0	0
rna-XR_002633814.1	9206	9091	82.0455	27.9469
rna-XR_002633815.1	9206	9091	82.0455	27.9469
rna-XR_002633817.1	9206	9091	82.0455	27.9469
rna-XR_002634427.1	10969	10854	105.347	30.0554
rna-XR_002634428.1	10969	10854	105.347	30.0554
rna-XR_002634429.1	10969	10854	105.347	30.0554
rna-XR_002634430.1	10969	10854	105.347	30.0554
rna-XR_002634425.1	9531	9416	849.029	279.22
rna-XR_002634426.1	9531	9416	849.029	279.22
rna-XR_002634378.1	2831	2716	195.969	223.433
rna-XR_002633808.1	1482	1367	35.0985	79.508
rna-XR_002634110.1	8485	8370	91.0129	33.6719
rna-XR_002634113.1	8485	8370	91.0129	33.6719
rna-XR_002634115.1	8485	8370	91.0129	33.6719
rna-XR_002634116.1	8485	8370	91.0129	33.6719
rna-XR_002634112.1	6485	6370	0	0
rna-XR_002634117.1	6485	6370	0	0
rna-XR_002634118.1	6481	6366	0	0
rna-XR_002634114.1	4640	4525	0	0
rna-XR_002634119.1	4623	4508	0	0
rna-XR_002634120.1	1311	1196	29.1499	75.474
rna-XR_002634433.1	2235	2120	4.86321	7.10358
rna-XR_002633803.1	1777	1662	630.93	1175.55
rna-XR_002634310.1	19491	19376	2.1498	0.343577
rna-XR_002634312.1	19410	19295	309.129	49.6118
rna-XR_002634313.1	15381	15266	539.119	109.358
rna-XR_002634311.1	5173	5058	0	0
rna-XR_002633955.1	3778	3663	57.2022	48.3578
rna-XR_002633731.1	23245	23130	4351.79	582.616
rna-XR_002633732.1	1163	1048	0	0
rna-XR_002633740.1	794	683.16	18.0053	81.6147
rna-XR_002633674.1	1291	1176	205.412	540.891
rna-XR_002634273.1	511	402.509	10	76.9332
rna-XR_002634217.1	17079	16964	1612.64	294.373
rna-XR_002634220.1	19199	19084	15.4654	2.50946
rna-XR_002634219.1	19241	19126	12.9474	2.09627
rna-XR_002634216.1	19243	19128	11.4373	1.85159
rna-XR_002634218.1	19259	19144	4.24287	0.686305
rna-XR_002634278.1	2084	1969	20	31.4539
rna-XR_002633995.1	1209	1094	0	0
rna-XR_002633706.1	1009	893.996	106	367.164
rna-XR_002634390.1	8452	8337	576.947	214.297
rna-XR_002633987.1	1224	1109	28	78.184
rna-XR_002633923.1	9085	8970	14.946	5.15968
rna-XR_002633924.1	9085	8970	14.946	5.15968
rna-XR_002633925.1	9085	8970	14.946	5.15968
rna-XR_002633926.1	3473	3358	119	109.738
rna-XR_002633876.1	8124	8009	121.966	47.1576
rna-XR_002633875.1	8125	8010	105.18	40.6621
rna-XR_002633874.1	8130	8015	50.178	19.3865
rna-XR_002633873.1	8366	8251	68.6125	25.7505
rna-XR_002633825.1	1490	1375	37.5743	84.6213
rna-XR_002633672.1	1000	884.996	19.7373	69.0614
rna-XR_002634408.1	7555	7440	84.3475	35.1066
rna-XR_002634407.1	13688	13573	153.264	34.9666
rna-XR_002634230.1	2399	2284	86.566	117.366
rna-XR_002633930.1	29062	28947	1974.22	211.194
rna-XR_002633914.1	1438	1323	13.5693	31.7605
rna-XR_002634161.1	2239	2124	17.3227	25.2552
rna-XR_002634160.1	2038	1923	179.192	288.556
rna-XR_002634268.1	15853	15738	2209.51	434.748
rna-XR_002633931.1	1350	1235	0	0
rna-XR_002633831.1	12646	12531	871.509	215.365
rna-XR_002634255.1	4292	4177	2	1.48271
rna-XR_002634256.1	746	635.523	23.8501	116.211
rna-XR_002634131.1	8983	8868	915.501	319.686
rna-XR_002634133.1	4205	4090	0	0
rna-XR_002634132.1	3241	3126	0	0
rna-XR_002634330.1	4075	3960	178.839	139.848
rna-XR_002633777.1	2653	2538	67.5533	82.4224
rna-XR_002634193.1	2608	2493	37.3452	46.3878
rna-XR_002634194.1	703	592.565	15.2753	79.826
rna-XR_002634195.1	1034	918.996	0	0
rna-XR_002633840.1	6912	6797	511.257	232.923
rna-XR_002634420.1	1006	890.996	0	0
rna-XR_002634318.1	15861	15746	42.9632	8.4492
rna-XR_002634317.1	12929	12814	613.485	148.255
rna-XR_002634320.1	2537	2422	0	0
rna-XR_002634319.1	6639	6524	589.035	279.587
rna-XR_002633768.1	3085	2970	104.129	108.568
rna-XR_002634074.1	1458	1343	35.6202	82.1318
rna-XR_002634073.1	1252	1137	14	38.1293
rna-XR_002633919.1	2211	2096	207.449	306.486
rna-XR_002633788.1	1418	1303	213.918	508.387
rna-XR_002633950.1	921	807.441	1	3.83512
rna-XR_002633998.1	1631	1516	4	8.17056
rna-XR_002633991.1	1176	1061	33.493	97.753
rna-XR_002633809.1	3168	3053	2.90051	2.94197
rna-XR_002634424.1	3446	3331	145.599	135.355
rna-XR_002633846.1	1428	1313	121	285.372
rna-XR_002633900.1	6484	6369	268.513	130.552
rna-XR_002633901.1	6484	6369	268.513	130.552
rna-XR_002633902.1	6484	6369	268.513	130.552
rna-XR_002633807.1	1940	1825	45.1382	76.5899
rna-XR_002634422.1	2504	2389	825.65	1070.21
rna-XR_002633781.1	2006	1891	31.7568	52.0039
rna-XR_002633705.1	5871	5756	775.143	417.014
rna-XR_002634287.1	6901	6786	0	0
rna-XR_002634288.1	6810	6695	0	0
rna-XR_002634289.1	6810	6695	0	0
rna-XR_002634290.1	6810	6695	0	0
rna-XR_002634283.1	6811	6696	0	0
rna-XR_002634285.1	6592	6477	237.778	113.681
rna-XR_002634282.1	6562	6447	0	0
rna-XR_002634284.1	6562	6447	0	0
rna-XR_002634286.1	6562	6447	0	0
rna-XR_002633697.1	1607	1492	31.8542	66.1134
rna-XR_002633828.1	22126	22011	863.244	121.446
rna-XR_002633827.1	22116	22001	1479.77	208.277
rna-XR_002633762.1	17929	17814	429.681	74.692
rna-XR_002633921.1	844	732.822	2.28659	9.6623
rna-XR_002634040.1	14113	13998	1635.18	361.735
rna-XR_002634039.1	6639	6524	0	0
rna-XR_002633691.1	14026	13911	902.013	200.791
rna-XR_002634333.1	8396	8281	16373.2	6122.65
rna-XR_002634172.1	3059	2944	102.859	108.192
rna-XR_002633811.1	16011	15896	1094.87	213.287
rna-XR_002633699.1	3416	3301	86.5938	81.2328
rna-XR_002633813.1	979	864.294	0	0
rna-XR_002633910.1	2603	2488	78.15	97.2678
rna-XR_002633909.1	3918	3803	26.7444	21.7769
rna-XR_002633908.1	3028	2913	66.1414	70.311
rna-XR_002633774.1	12181	12066	196.685	50.4775
rna-XR_002633775.1	12181	12066	196.685	50.4775
rna-XR_002633772.1	12178	12063	264.15	67.8087
rna-XR_002633773.1	12178	12063	264.15	67.8087
rna-XR_002634764.1	3300	3185	75.1601	73.0749
rna-XR_002634996.1	1153	1038	3.56964	10.6492
rna-XR_002635011.1	744	633.523	70.9419	346.761
rna-XR_002634601.1	3287	3172	190.255	185.735
rna-XR_002634602.1	3287	3172	190.255	185.735
rna-XR_002634894.1	1451	1336	44	101.985
rna-XR_002634836.1	3646	3531	887.631	778.44
rna-XR_002634833.1	1217	1102	6.71371	18.8657
rna-XR_002634834.1	1630	1515	10.2071	20.8631
rna-XR_002634835.1	1630	1515	10.2071	20.8631
rna-XR_002634735.1	3631	3516	346.48	305.154
rna-XR_002634715.1	20692	20577	2187.48	329.194
rna-XR_002634706.1	23850	23735	0	0
rna-XR_002634707.1	23850	23735	0	0
rna-XR_002634708.1	23850	23735	0	0
rna-XR_002634709.1	23850	23735	0	0
rna-XR_002634710.1	23850	23735	0	0
rna-XR_002634711.1	23850	23735	0	0
rna-XR_002634712.1	23850	23735	0	0
rna-XR_002634713.1	23850	23735	0	0
rna-XR_002634714.1	23850	23735	0	0
rna-XR_002634716.1	18328	18213	0	0
rna-XR_002634721.1	24708	24593	0	0
rna-XR_002634719.1	24688	24573	0	0
rna-XR_002634733.1	18616	18501	0	0
rna-XR_002634717.1	23152	23037	0	0
rna-XR_002634720.1	23152	23037	0	0
rna-XR_002634722.1	23152	23037	0	0
rna-XR_002634724.1	23152	23037	0	0
rna-XR_002634725.1	23152	23037	0	0
rna-XR_002634726.1	23152	23037	0	0
rna-XR_002634727.1	23152	23037	0	0
rna-XR_002634728.1	23152	23037	0	0
rna-XR_002634729.1	23152	23037	0	0
rna-XR_002634731.1	23152	23037	0	0
rna-XR_002634718.1	25893	25778	66.1294	7.94393
rna-XR_002634723.1	23105	22990	0	0
rna-XR_002634730.1	20426	20311	36.9518	5.63371
rna-XR_002634732.1	20426	20311	36.9518	5.63371
rna-XR_002634734.1	20426	20311	36.9518	5.63371
rna-XR_002634606.1	18922	18807	4658.92	767.106
rna-XR_002635007.1	8766	8651	205.737	73.6437
rna-XR_002635008.1	12050	11935	0	0
rna-XR_002635004.1	16980	16865	336.533	61.7919
rna-XR_002635005.1	16980	16865	336.533	61.7919
rna-XR_002635006.1	16980	16865	336.533	61.7919
rna-XR_002635009.1	1628	1513	1084.58	2219.79
rna-XR_002635010.1	1557	1442	0	0
rna-XR_002634605.1	3230	3115	52	51.6935
rna-XR_002634888.1	1036	920.996	0	0
rna-XR_002635059.1	1422	1307	10	23.6927
rna-XR_002635057.1	1555	1440	0	0
rna-XR_002635058.1	2963	2848	61.4263	66.789
rna-XR_002635028.1	2035	1920	24	38.708
rna-XR_002634547.1	1489	1374	453.93	1023.04
rna-XR_002634917.1	3714	3599	549.59	472.876
rna-XR_002634915.1	8316	8201	998.06	376.86
rna-XR_002634914.1	4307	4192	0	0
rna-XR_002634748.1	1745	1630	245.884	467.125
rna-XR_002634918.1	5338	5223	95.3815	56.5502
rna-XR_002634921.1	5343	5228	30.6632	18.1624
rna-XR_002634919.1	5331	5216	467.996	277.84
rna-XR_002634920.1	5331	5216	467.996	277.84
rna-XR_002634669.1	6210	6095	2064.82	1049.06
rna-XR_002634670.1	2143	2028	0	0
rna-XR_002634671.1	2145	2030	0	0
rna-XR_002634672.1	7100	6985	2100.12	931.04
rna-XR_002634623.1	5423	5308	1891.75	1103.63
rna-XR_002634642.1	30507	30392	3399.83	346.408
rna-XR_002634984.1	2417	2302	18.9419	25.4805
rna-XR_002634817.1	4803	4688	162.189	107.133
rna-XR_002634909.1	2823	2708	131.489	150.36
rna-XR_002634908.1	1504	1389	0	0
rna-XR_002634529.1	13108	12993	848.221	202.157
rna-XR_002634474.1	1811	1696	121.429	221.711
rna-XR_002635044.1	6026	5911	8.52388	4.46546
rna-XR_002635043.1	4752	4637	0	0
rna-XR_002635042.1	3591	3476	638.235	568.579
rna-XR_002634789.1	8725	8610	429.06	154.314
rna-XR_002634790.1	15046	14931	2643.07	548.164
rna-XR_002634983.1	899	786.089	19.8556	78.2168
rna-XR_002634599.1	1529	1414	34.0956	74.6689
rna-XR_002634621.1	1400	1285	24.9918	60.2262
rna-XR_002634622.1	1400	1285	24.9918	60.2262
rna-XR_002634840.1	7068	6953	1168.28	520.312
rna-XR_002634818.1	4429	4314	1485.52	1066.32
rna-XR_002634524.1	11132	11017	191.338	53.7809
rna-XR_002634525.1	1661	1546	0	0
rna-XR_002634652.1	11023	10908	1669.1	473.835
rna-XR_002634808.1	1090	974.996	13.4602	42.7503
rna-XR_002634616.1	5835	5720	440.121	238.268
rna-XR_002635029.1	1028	912.996	22.4192	76.0396
rna-XR_002635030.1	621	511.514	19	115.023
rna-XR_002634878.1	10724	10609	379.382	110.737
rna-XR_002634879.1	10724	10609	379.382	110.737
rna-XR_002634880.1	10724	10609	379.382	110.737
rna-XR_002634881.1	10724	10609	379.382	110.737
rna-XR_002634882.1	10724	10609	379.382	110.737
rna-XR_002634786.1	4124	4009	751.578	580.535
rna-XR_002634787.1	843	731.822	5.08648	21.5229
rna-XR_002634543.1	3373	3258	501.074	476.257
rna-XR_002634821.1	2534	2419	20.5086	26.2537
rna-XR_002634912.1	3426	3311	179.086	167.491
rna-XR_002634544.1	2079	1964	96	151.363
rna-XR_002634477.1	1000	884.996	142.108	497.242
rna-XR_002635024.1	1821	1706	97.1636	176.366
rna-XR_002634910.1	980	865.294	18	64.4167
rna-XR_002634911.1	1299	1184	9.26625	24.235
rna-XR_002635035.1	4512	4397	366.9	258.393
rna-XR_002634654.1	1672	1557	39	77.5652
rna-XR_002634871.1	1192	1077	31.0594	89.3034
rna-XR_002634686.1	13176	13061	674.343	159.88
rna-XR_002634797.1	11396	11281	22.3265	6.12863
rna-XR_002634796.1	10298	10183	1411.67	429.288
rna-XR_002634655.1	782	671.253	14	64.585
rna-XR_002634562.1	826	714.971	7	30.3179
rna-XR_002634575.1	4933	4818	1241.92	798.21
rna-XR_002634583.1	2711	2596	23.5437	28.0841
rna-XR_002634978.1	2985	2870	18.0281	19.4517
rna-XR_002634940.1	1964	1849	54.6906	91.5939
rna-XR_002634657.1	3789	3674	671.526	565.997
rna-XR_002634700.1	556	447.245	16	110.781
rna-XR_002634475.1	1714	1599	10	19.3661
rna-XR_002634491.1	3353	3238	57.5764	55.0627
rna-XR_002634517.1	1365	1250	101	250.209
rna-XR_002634680.1	1436	1321	9	21.0975
rna-XR_002634935.1	12036	11921	518.411	134.664
rna-XR_002634698.1	3076	2961	39.3399	41.142
rna-XR_002634687.1	808	697.019	6	26.6561
rna-XR_002634905.1	10942	10827	941.158	269.181
rna-XR_002634906.1	1376	1261	8.12131	19.9435
rna-XR_002634990.1	4784	4669	86.9486	57.6672
rna-XR_002634470.1	2350	2235	46.5206	64.4553
rna-XR_002634582.1	3155	3040	59.0691	60.1696
rna-XR_002634886.1	1781	1666	75	139.405
rna-XR_002634872.1	7414	7299	1326.52	562.783
rna-XR_002635054.1	1090	974.996	77.925	247.493
rna-XR_002634902.1	2818	2703	11	12.6019
rna-XR_002634903.1	2818	2703	11	12.6019
rna-XR_002634985.1	1783	1668	10.5343	19.5569
rna-XR_002634633.1	936	822.218	1	3.76619
rna-XR_002634792.1	4989	4874	832.384	528.845
rna-XR_002634773.1	772	661.344	6.2417	29.2257
rna-XR_002634558.1	3730	3615	579.968	496.805
rna-XR_002635066.1	651	541.151	11	62.9454
rna-XR_002635065.1	3650	3535	65.8047	57.6445
rna-XR_002635064.1	975	860.352	31.0017	111.583
rna-XR_002634559.1	1598	1483	1133.37	2366.58
rna-XR_002635062.1	1984	1869	419.527	695.09
rna-XR_002634473.1	1906	1791	56	96.824
rna-XR_002634584.1	5888	5773	192.155	103.072
rna-XR_002634585.1	5888	5773	192.155	103.072
rna-XR_002634626.1	10297	10182	28	8.51559
rna-XR_002634864.1	18115	18000	2015.55	346.746
rna-XR_002634476.1	2959	2844	140.749	153.252
rna-XR_002635037.1	4058	3943	136.602	107.28
rna-XR_002634907.1	7698	7583	722.595	295.083
rna-XR_002634555.1	8578	8463	618.354	226.258
rna-XR_002634557.1	8578	8463	618.354	226.258
rna-XR_002634554.1	8574	8459	0.236707	0.0866525
rna-XR_002634556.1	8573	8458	0.272336	0.0997072
rna-XR_002634647.1	18435	18320	1922.97	325.039
rna-XR_002634595.1	421	313.243	0	0
rna-XR_002634761.1	2846	2731	14.3416	16.2617
rna-XR_002634756.1	2395	2280	0	0
rna-XR_002634757.1	2395	2280	0	0
rna-XR_002634759.1	2395	2280	0	0
rna-XR_002634758.1	2392	2277	0	0
rna-XR_002634755.1	2391	2276	0	0
rna-XR_002634673.1	1294	1179	35	91.9275
rna-XR_002634499.1	1864	1749	126	223.086
rna-XR_002634553.1	651	541.151	1.16101	6.64367
rna-XR_002634527.1	3362	3247	65.6254	62.5864
rna-XR_002634663.1	15660	15545	1371.03	273.114
rna-XR_002634702.1	8617	8502	489.774	178.388
rna-XR_002634925.1	8349	8234	83.4856	31.3972
rna-XR_002634926.1	8349	8234	83.4856	31.3972
rna-XR_002635076.1	2327	2212	331	463.376
rna-XR_002635046.1	2071	1956	259.84	411.366
rna-XR_002634637.1	1646	1531	137.959	279.039
rna-XR_002634603.1	4275	4160	36.4532	27.1352
rna-XR_002634893.1	1229	1114	7.02872	19.5381
rna-XR_002634507.1	7629	7514	58.6322	24.1632
rna-XR_002635051.1	8455	8340	1088.61	404.202
rna-XR_002634587.1	1894	1779	76.3928	132.974
rna-XR_002634650.1	422	314.243	28	275.92
rna-XR_002634944.1	966	851.702	45.7779	166.44
rna-XR_002634799.1	11160	11045	340.453	95.4513
rna-XR_002634694.1	1222	1107	15.1107	42.2695
rna-XR_002635075.1	1462	1347	162.652	373.925
rna-XR_002634635.1	702	591.565	18	94.2235
rna-XR_002634772.1	706	595.565	5	25.9974
rna-XR_002634851.1	13735	13620	341.4	77.6204
rna-XR_002634849.1	12766	12651	463.627	113.484
rna-XR_002634850.1	13377	13262	4.71639e-05	1.10126e-05
rna-XR_002634848.1	13731	13616	483.677	110.001
rna-XR_002634763.1	1837	1722	54.1625	97.3994
rna-XR_002635073.1	3856	3741	87.4225	72.3645
rna-XR_002634736.1	1111	995.996	255.661	794.871
rna-XR_002634747.1	4190	4075	29.0033	22.0399
rna-XR_002634531.1	2039	1924	308.528	496.569
rna-XR_002634534.1	3190	3075	213.314	214.815
rna-XR_002634873.1	2444	2329	14.4036	19.151
rna-XR_002634705.1	997	882.056	2	7.0214
rna-XR_002635031.1	8102	7987	1091.73	423.273
rna-XR_002634530.1	1470	1355	117	267.385
rna-XR_002634690.1	1019	903.996	2.28164	7.81575
rna-XR_002634479.1	1051	935.996	59.4977	196.841
rna-XR_002634746.1	424	316.199	1	9.7933
rna-XR_002634598.1	16481	16366	2169.51	410.496
rna-XR_002634469.1	1299	1184	0	0
rna-XR_002634977.1	5918	5803	223.325	119.172
rna-XR_002634597.1	8836	8721	356.452	126.568
rna-XR_002634489.1	7162	7047	223.29	98.1193
rna-XR_002635023.1	1073	957.996	0	0
rna-XR_002635022.1	843	731.822	28.2002	119.326
rna-XR_002634874.1	13767	13652	343.777	77.9777
rna-XR_002634875.1	13767	13652	343.777	77.9777
rna-XR_002634876.1	13767	13652	343.777	77.9777
rna-XR_002634829.1	1020	904.996	99.9169	341.887
rna-XR_002634828.1	428	320.155	3	29.0168
rna-XR_002634693.1	1267	1152	29.4826	79.251
rna-XR_002634952.1	471	362.852	3	25.6024
rna-XR_002634569.1	5797	5682	63	34.3344
rna-XR_002634677.1	1640	1525	151.563	307.762
rna-XR_002635055.1	4883	4768	861.761	559.681
rna-XR_002635056.1	538	429.395	0	0
rna-XR_002634741.1	559	450.245	3	20.633
rna-XR_002634742.1	506	397.537	3	23.3686
rna-XR_002634922.1	5241	5126	561.327	339.1
rna-XR_002634838.1	2998	2883	5.51884	5.92779
rna-XR_002634528.1	4679	4564	126.244	85.6554
rna-XR_002634892.1	3355	3240	205.198	196.118
rna-XR_002635069.1	2693	2578	115.768	139.058
rna-XR_002634520.1	3791	3676	1333.55	1123.37
rna-XR_002634776.1	3079	2964	1864.32	1947.75
rna-XR_002634778.1	756	645.523	8.19535	39.3138
rna-XR_002634777.1	971	856.528	12.5724	45.4535
rna-XR_002634751.1	490	381.671	21	170.38
rna-XR_002634688.1	811	700.019	11	48.6601
rna-XR_002634685.1	1403	1288	23	55.2972
rna-XR_002634899.1	1550	1435	567.058	1223.68
rna-XR_002634774.1	3510	3395	45	41.0453
rna-XR_002634532.1	2648	2533	162.62	198.806
rna-XR_002634618.1	3293	3178	16	15.5904
rna-XR_002634683.1	1077	961.996	126	405.59
rna-XR_002634815.1	1658	1543	20	40.1379
rna-XR_002634738.1	10651	10536	915.124	268.964
rna-XR_002634508.1	1811	1696	121.377	221.615
rna-XR_002634509.1	993	878.056	22.5808	79.6357
rna-XR_002634924.1	6375	6260	88	43.531
rna-XR_002634625.1	35320	35205	563.42	49.5585
rna-XR_002634703.1	1432	1317	11	25.8641
rna-XR_002634565.1	1968	1853	300	501.345
rna-XR_002634495.1	2870	2755	81.1124	91.1709
rna-XR_002634691.1	865	753.566	21	86.2954
rna-XR_002634681.1	5194	5079	263.259	160.507
rna-XR_002634643.1	847	735.822	0	0
rna-XR_002634649.1	847	735.822	0	0
rna-XR_002634668.1	568	459.245	20	134.858
rna-XR_002634540.1	427	319.155	0	0
rna-XR_002634539.1	4984	4869	1512.44	961.897
rna-XR_002634538.1	6702	6587	0	0
rna-XR_002634608.1	2674	2559	3	3.63029
rna-XR_002634767.1	518	409.509	0	0
rna-XR_002634535.1	763	652.434	14	66.4479
rna-XR_002635017.1	1896	1781	7.99254	13.8967
rna-XR_002635018.1	1896	1781	7.99254	13.8967
rna-XR_002634843.1	9037	8922	417.051	144.749
rna-XR_002634563.1	734	623.523	28	139.058
rna-XR_002635068.1	6229	6114	178.211	90.2605
rna-XR_002634659.1	1517	1402	55.2356	122.001
rna-XR_002634695.1	1125	1010	52	159.431
rna-XR_002634769.1	737	626.523	0	0
rna-XR_002634987.1	2853	2738	37.0149	41.8633
rna-XR_002634512.1	922	808.441	59	225.992
rna-XR_002634827.1	18253	18138	3539.63	604.309
rna-XR_002634831.1	995	880.056	36	126.672
rna-XR_002634641.1	759	648.523	2.71024	12.9411
rna-XR_002634847.1	419	311.243	8.30922	82.6706
rna-XR_002634845.1	2421	2306	186.068	249.863
rna-XR_002635047.1	2361	2246	160.506	221.295
rna-XR_002634498.1	3870	3755	115.928	95.6021
rna-XR_002634739.1	5641	5526	371.101	207.956
rna-XR_002634740.1	5641	5526	371.101	207.956
rna-XR_002634804.1	777	666.344	52.3229	243.155
rna-XR_002634805.1	777	666.344	52.3229	243.155
rna-XR_002634832.1	5711	5596	72.4641	40.0991
rna-XR_002635070.1	19919	19804	2286.22	357.483
rna-XR_002635033.1	1635	1520	100.863	205.484
rna-XR_002635002.1	1068	952.996	0	0
rna-XR_002634900.1	2653	2538	13	15.8614
rna-XR_002634481.1	6688	6573	198.081	93.3187
rna-XR_002634482.1	3442	3327	0	0
rna-XR_002634515.1	3018	2903	113.057	120.599
rna-XR_002634969.1	14815	14700	464.612	97.8729
rna-XR_002634968.1	2570	2455	0	0
rna-XR_002634970.1	2442	2327	0	0
rna-XR_002634971.1	3727	3612	0	0
rna-XR_002634972.1	7401	7286	170.991	72.6734
rna-XR_002635020.1	1039	923.996	7	23.4594
rna-XR_002634503.1	2158	2043	7.86887	11.9271
rna-XR_002634504.1	2167	2052	0.0428397	0.0646486
rna-XR_002634502.1	2793	2678	21.0883	24.3849
rna-XR_002634865.1	2807	2692	180.237	207.329
rna-XR_002634697.1	1173	1058	279.871	819.149
rna-XR_002634560.1	1265	1150	24	64.6256
rna-XR_002634488.1	4586	4471	103.176	71.4602
rna-XR_002634684.1	2794	2679	133.29	154.068
rna-XR_002634744.1	3117	3002	136.125	140.416
rna-XR_002634745.1	2585	2470	71.4165	89.5349
rna-XR_002634932.1	4432	4317	102.354	73.4199
rna-XR_002634567.1	1292	1177	9.01311	23.7131
rna-XR_002634568.1	1451	1336	84.2709	195.327
rna-XR_002634518.1	3049	2934	190.369	200.921
rna-XR_002634545.1	2633	2518	3	3.6894
rna-XR_002634689.1	3573	3458	76.2997	68.3263
rna-XR_002634856.1	2052	1937	9.9575	15.9188
rna-XR_002634855.1	6461	6346	108.342	52.8674
rna-XR_002634541.1	3417	3302	42	39.3879
rna-XR_002634949.1	643	533.334	5	29.0309
rna-XR_002634646.1	4888	4773	85.3733	55.3887
rna-XR_002634645.1	1556	1441	32.3254	69.4658
rna-XR_002634704.1	1363	1248	25	62.0321
rna-XR_002634938.1	2481	2366	49	64.1316
rna-XR_002634937.1	929	815.386	31	117.73
rna-XR_002634784.1	3953	3838	6.72345	5.42472
rna-XR_002634780.1	4070	3955	2.18062	1.70735
rna-XR_002634782.1	4070	3955	2.18062	1.70735
rna-XR_002634781.1	3475	3360	0	0
rna-XR_002634463.1	1315	1200	60.5582	156.273
rna-XR_002634464.1	1787	1672	24.2032	44.8257
rna-XR_002634465.1	1787	1672	24.2032	44.8257
rna-XR_002634490.1	6717	6602	1283.55	602.041
rna-XR_002634812.1	1219	1104	40	112.197
rna-XR_002634810.1	3200	3085	438.112	439.764
rna-XR_002634800.1	1590	1475	31	65.0819
rna-XR_002634801.1	3327	3212	23	22.1739
rna-XR_002635052.1	2134	2019	12.8681	19.7364
rna-XR_002635053.1	3779	3664	976.588	825.365
rna-XR_002634500.1	3263	3148	486.411	478.474
rna-XR_002634505.1	4375	4260	192.371	139.836
rna-XR_002634496.1	6804	6689	409.053	189.369
rna-XR_002634483.1	14590	14475	94.5918	20.236
rna-XR_002634484.1	14586	14471	131.283	28.0931
rna-XR_002634485.1	14581	14466	197.791	42.3397
rna-XR_002634486.1	14561	14446	1020.5	218.754
rna-XR_002634779.1	1894	1779	13.9515	24.2849
rna-XR_002634973.1	4180	4065	530.234	403.922
rna-XR_002634480.1	702	591.565	4.5	23.5559
rna-XR_002635015.1	3842	3727	90.5585	75.242
rna-XR_002635014.1	1212	1097	27.4043	77.3577
rna-XR_002635016.1	2895	2780	446.326	497.162
rna-XR_002634580.1	1372	1257	129	317.794
rna-XR_002634701.1	17164	17049	1254.01	227.768
rna-XR_002634638.1	3621	3506	284.716	251.473
rna-XR_002634639.1	2680	2565	0	0
rna-XR_002634640.1	1860	1745	0	0
rna-XR_002634596.1	7641	7526	247.526	101.847
rna-XR_002634478.1	702	591.565	4.5	23.5559
rna-XR_002634653.1	1449	1334	13	30.1772
rna-XR_002634913.1	1951	1836	16	26.986
rna-XR_002634916.1	8094	7979	500.367	194.192
rna-XR_002634749.1	1360	1245	1	2.48726
rna-XR_002634511.1	53744	53629	24238.4	1399.57
rna-XR_002634510.1	2682	2567	0	0
rna-XR_002634793.1	4038	3923	468.112	369.506
rna-XR_002634658.1	9214	9099	1164.86	396.434
rna-XR_002634737.1	657	547.076	14	79.2447
rna-XR_002634967.1	1053	937.996	14	46.2186
rna-XR_002634868.1	4358	4243	88.6801	64.7207
rna-XR_002634609.1	3373	3258	80.9813	76.9705
rna-XR_002634468.1	1140	1025	9.06464	27.3853
rna-XR_002634614.1	2900	2785	232.348	258.347
rna-XR_002634613.1	4751	4636	2.63782	1.76194
rna-XR_002635067.1	1189	1074	20	57.6656
rna-XR_002634979.1	2393	2278	0	0
rna-XR_002634980.1	2166	2051	15.0961	22.7924
rna-XR_002634890.1	2999	2884	293.566	315.211
rna-XR_002634889.1	3611	3496	165.66	146.736
rna-XR_002634981.1	1994	1879	23.418	38.5935
rna-XR_002634860.1	2427	2312	231.763	310.418
rna-XR_002634861.1	3851	3736	13.118	10.873
rna-XR_002635034.1	2595	2480	20.8836	26.0762
rna-XR_002635041.1	2155	2040	113.208	171.845
rna-XR_002635021.1	16014	15899	4166.47	811.499
rna-XR_002634619.1	1111	995.996	92.5392	287.712
rna-XR_002634462.1	9016	8901	1697.06	590.402
rna-XR_002634862.1	1783	1668	107.549	199.664
rna-XR_002634819.1	5528	5413	1274.92	729.349
rna-XR_002634820.1	1832	1717	0	0
rna-XR_002634931.1	1282	1167	19.7731	52.4681
rna-XR_002634929.1	4608	4493	21.5	14.8181
rna-XR_002634930.1	4608	4493	21.5	14.8181
rna-XR_002634678.1	2373	2258	11.2269	15.3966
rna-XR_002634982.1	3144	3029	302.108	308.854
rna-XR_002634506.1	2020	1905	356.316	579.204
rna-XR_002634573.1	27263	27148	1176	134.14
rna-XR_002634570.1	26178	26063	1320.09	156.844
rna-XR_002634571.1	26178	26063	1320.09	156.844
rna-XR_002634572.1	26178	26063	1320.09	156.844
rna-XR_002634574.1	9529	9414	219.996	72.3652
rna-XR_002634974.1	5374	5259	479.523	282.356
rna-XR_002635026.1	61206	61091	20697.5	1049.13
rna-XR_002634961.1	1780	1665	137.261	255.285
rna-XR_002635038.1	2437	2322	0	0
rna-XR_002635040.1	2964	2849	160.38	174.32
rna-XR_002635013.1	4027	3912	888.421	703.25
rna-XR_002635012.1	4050	3935	172.849	136.023
rna-XR_002634521.1	6731	6616	416.757	195.064
rna-XR_002634863.1	3040	2925	45	47.6406
rna-XR_002634648.1	815	703.971	6.69213	29.4374
rna-XR_002634493.1	7080	6965	115.945	51.5489
rna-XR_002634494.1	7075	6960	0.00449381	0.00199938
rna-XR_002634600.1	2748	2633	134.154	157.777
rna-XR_002634966.1	3849	3734	97.8513	81.1489
rna-XR_002634965.1	2645	2530	0	0
rna-XR_002634867.1	628	518.479	124	740.594
rna-XR_002634679.1	1582	1467	2.13741	4.51179
rna-XR_002634682.1	1740	1625	14.8626	28.3225
rna-XR_002634551.1	6313	6198	553.785	276.681
rna-XR_002634550.1	6466	6351	0	0
rna-XR_002634552.1	9862	9747	0	0
rna-XR_002634549.1	9884	9769	6.28815	1.99326
rna-XR_002634548.1	9891	9776	300.04	95.0403
rna-XR_002634869.1	4028	3913	786	622.018
rna-XR_002634636.1	2981	2866	190	205.29
rna-XR_002635027.1	1237	1122	18	49.6788
rna-XR_002634928.1	6915	6800	1055.4	480.614
rna-XR_002634839.1	994	879.056	282.939	996.702
rna-XR_002634994.1	918	804.496	10	38.4916
rna-XR_002634993.1	6756	6641	170	79.2694
rna-XR_002634992.1	3836	3721	618.637	514.833
rna-XR_002635074.1	1077	961.996	24.7635	79.7129
rna-XR_002634770.1	2109	1994	44.0965	68.4809
rna-XR_002634771.1	2465	2350	176	231.918
rna-XR_002634664.1	902	788.821	9.03599	35.4721
rna-XR_002634883.1	3221	3106	2	1.99397
rna-XR_002635079.1	5235	5120	461.541	279.145
rna-XR_002634542.1	1724	1609	164	315.63
rna-XR_002634523.1	939	825.218	31.5069	118.23
rna-XR_002634522.1	941	827.218	1.78478	6.68118
rna-XR_002634923.1	3667	3552	190.335	165.934
rna-XR_002634995.1	1117	1002	17.5247	54.1593
rna-XR_002635003.1	2431	2316	209.316	279.868
rna-XR_002634953.1	13019	12904	75.7127	18.1691
rna-XR_002634955.1	12905	12790	0	0
rna-XR_002634954.1	10919	10804	555.624	159.252
rna-XR_002634632.1	6025	5910	0	0
rna-XR_002634629.1	6370	6255	14.1468	7.00358
rna-XR_002634630.1	6372	6257	9.68259	4.79199
rna-XR_002634631.1	6375	6260	5.48393	2.71274
rna-XR_002634628.1	6386	6271	18.6282	9.19863
rna-XR_002634546.1	2818	2703	467.741	535.858
rna-XR_002634576.1	3950	3835	22.4413	18.1206
rna-XR_002634577.1	3947	3832	56.7717	45.8772
rna-XR_002634578.1	3942	3827	267.079	216.108
rna-XR_002635575.1	966	851.702	156	567.187
rna-XR_002635265.1	895	782.303	65.4318	259.002
rna-XR_002635298.1	1331	1216	47	119.689
rna-XR_002635813.1	2213	2098	107.034	157.982
rna-XR_002635576.1	1303	1188	7	18.2462
rna-XR_002635270.1	3889	3774	85.1683	69.8822
rna-XR_002635271.1	3556	3441	43.7691	39.3888
rna-XR_002635555.1	5922	5807	325.346	173.493
rna-XR_002635522.1	2125	2010	34.6086	53.3186
rna-XR_002635519.1	6663	6548	903.654	427.35
rna-XR_002635521.1	1545	1430	19	41.1442
rna-XR_002635518.1	1465	1350	14.3712	32.9649
rna-XR_002635520.1	4652	4537	49	33.4439
rna-XR_002635178.1	13061	12946	187.442	44.8355
rna-XR_002635179.1	13062	12947	171.034	40.9076
rna-XR_002635180.1	13063	12948	156.064	37.324
rna-XR_002635269.1	4349	4234	26.2526	19.2004
rna-XR_002635268.1	3539	3424	78.9409	71.3935
rna-XR_002635267.1	2603	2488	8.38327	10.4341
rna-XR_002635206.1	1542	1427	11	23.8704
rna-XR_002635410.1	966	851.702	1.01274	3.68213
rna-XR_002635236.1	588	478.924	0	0
rna-XR_002635235.1	648	538.151	0	0
rna-XR_002635176.1	2605	2490	189	235.046
rna-XR_002635446.1	608	498.722	8	49.6731
rna-XR_002635461.1	833	721.971	77	330.264
rna-XR_002635462.1	430	322.155	23	221.081
rna-XR_002635414.1	1629	1514	704.882	1441.72
rna-XR_002635174.1	1349	1234	8	20.0755
rna-XR_002635798.1	1053	937.996	118	389.557
rna-XR_002635226.1	9746	9631	1271	408.663
rna-XR_002635306.1	8253	8138	0	0
rna-XR_002635305.1	10542	10427	876.277	260.239
rna-XR_002635349.1	1374	1259	133.784	329.057
rna-XR_002635831.1	16290	16175	149.653	28.6505
rna-XR_002635779.1	4497	4382	356	251.575
rna-XR_002635445.1	805	694.067	7	31.2311
rna-XR_002635444.1	29359	29244	7087.89	750.533
rna-XR_002635443.1	1248	1133	10	27.3314
rna-XR_002635845.1	4604	4489	163.459	112.759
rna-XR_002635809.1	4891	4776	781.134	506.467
rna-XR_002635172.1	529	420.424	3	22.0965
rna-XR_002635389.1	1322	1207	10.1554	26.0544
rna-XR_002635239.1	1302	1187	8.25642	21.5393
rna-XR_002635405.1	898	785.143	0	0
rna-XR_002635686.1	5854	5739	85.7092	46.2468
rna-XR_002635338.1	7501	7386	1089.79	456.903
rna-XR_002635092.1	5130	5015	704.312	434.895
rna-XR_002635091.1	2519	2404	0	0
rna-XR_002635094.1	2486	2371	0	0
rna-XR_002635093.1	2374	2259	0	0
rna-XR_002635836.1	4554	4439	37.3949	26.0866
rna-XR_002635837.1	2536	2421	30.6051	39.1462
rna-XR_002635108.1	1825	1710	5.11143	9.25629
rna-XR_002635098.1	7204	7089	81.0958	35.4245
rna-XR_002635279.1	2941	2826	1349.27	1478.49
rna-XR_002635280.1	1693	1578	0	0
rna-XR_002635190.1	2558	2443	53.5277	67.8493
rna-XR_002635189.1	9031	8916	83.682	29.0638
rna-XR_002635360.1	8884	8769	844.636	298.27
rna-XR_002635757.1	2637	2522	0	0
rna-XR_002635758.1	2638	2523	51.2537	62.9069
rna-XR_002635129.1	1133	1018	33.2869	101.255
rna-XR_002635808.1	11041	10926	53.3185	15.1115
rna-XR_002635404.1	1425	1310	0	0
rna-XR_002635344.1	2330	2215	119.704	167.35
rna-XR_002635737.1	5481	5366	433.001	249.878
rna-XR_002635736.1	2108	1993	13.0223	20.2335
rna-XR_002635614.1	2076	1961	162.352	256.372
rna-XR_002635615.1	4111	3996	329.965	255.701
rna-XR_002635123.1	3466	3351	419.415	387.579
rna-XR_002635620.1	4172	4057	213.93	163.289
rna-XR_002635621.1	4172	4057	213.93	163.289
rna-XR_002635605.1	2695	2580	282.734	339.35
rna-XR_002635606.1	2695	2580	282.734	339.35
rna-XR_002635313.1	2559	2444	0	0
rna-XR_002635314.1	2562	2447	9.92479	12.5597
rna-XR_002635102.1	10612	10497	214.681	63.3314
rna-XR_002635517.1	737	626.523	11.3906	56.2989
rna-XR_002635193.1	1642	1527	0	0
rna-XR_002635194.1	1642	1527	0	0
rna-XR_002635613.1	1833	1718	126	227.111
rna-XR_002635124.1	12857	12742	189.728	46.1089
rna-XR_002635154.1	2491	2376	73.2168	95.4234
rna-XR_002635724.1	3968	3853	0.000235772	0.000189489
rna-XR_002635725.1	4009	3894	98.326	78.192
rna-XR_002635632.1	3728	3613	134.623	115.383
rna-XR_002635633.1	1210	1095	100	282.799
rna-XR_002635547.1	2248	2133	119	172.761
rna-XR_002635548.1	6463	6348	291.646	142.269
rna-XR_002635456.1	467	358.877	190.206	1641.23
rna-XR_002635542.1	1164	1049	8.00306	23.625
rna-XR_002635422.1	1665	1550	37.6682	75.2547
rna-XR_002635458.1	3535	3420	147.853	133.874
rna-XR_002635225.1	3644	3529	52.372	45.9555
rna-XR_002635203.1	1959	1844	132.276	222.132
rna-XR_002635168.1	1502	1387	1.556	3.47395
rna-XR_002635390.1	612	502.653	3	18.4817
rna-XR_002635118.1	2248	2133	3.53509	5.13216
rna-XR_002635119.1	2244	2129	32.7508	47.6362
rna-XR_002635215.1	1071	955.996	12.6804	41.0741
rna-XR_002635214.1	841	729.822	11.3196	48.0289
rna-XR_002635116.1	1936	1821	122	207.463
rna-XR_002635264.1	2316	2201	13.9654	19.6483
rna-XR_002635616.1	1747	1632	195.4	370.763
rna-XR_002635191.1	16159	16044	1118.98	215.973
rna-XR_002635531.1	3370	3255	284.109	270.287
rna-XR_002635607.1	11123	11008	447.972	126.018
rna-XR_002635610.1	1280	1165	12	31.8968
rna-XR_002635609.1	945	831.162	22.5753	84.1079
rna-XR_002635608.1	750	639.523	3	14.5263
rna-XR_002635103.1	2615	2500	8.03457	9.95206
rna-XR_002635463.1	3021	2906	163.629	174.363
rna-XR_002635366.1	3343	3228	182.182	174.769
rna-XR_002635173.1	2004	1889	61.8211	101.343
rna-XR_002635126.1	3379	3264	17	16.1283
rna-XR_002635782.1	713	602.565	99	508.769
rna-XR_002635255.1	3842	3727	32	26.5877
rna-XR_002635732.1	1586	1471	64	134.728
rna-XR_002635087.1	2810	2695	31.7692	36.5038
rna-XR_002635085.1	11046	10931	876.684	248.355
rna-XR_002635083.1	12822	12707	0	0
rna-XR_002635084.1	13164	13049	0	0
rna-XR_002635082.1	13165	13050	0	0
rna-XR_002635086.1	13167	13052	225.021	53.387
rna-XR_002635838.1	2345	2230	118.714	164.85
rna-XR_002635371.1	4476	4361	119	84.4989
rna-XR_002635364.1	1057	941.996	12	39.4477
rna-XR_002635453.1	6249	6134	17.4959	8.83248
rna-XR_002635452.1	6248	6133	21.2282	10.7184
rna-XR_002635454.1	5994	5879	0	0
rna-XR_002635455.1	5868	5753	0	0
rna-XR_002635311.1	2904	2789	101.059	112.206
rna-XR_002635310.1	1454	1339	0	0
rna-XR_002635309.1	2898	2783	3.91359	4.35464
rna-XR_002635308.1	2633	2518	22.9755	28.2553
rna-XR_002635209.1	1889	1774	5.13382	8.96144
rna-XR_002635210.1	626	516.479	338	2026.53
rna-XR_002635832.1	1821	1706	89.6113	162.658
rna-XR_002635474.1	2975	2860	10.8715	11.771
rna-XR_002635787.1	3861	3746	452.686	374.213
rna-XR_002635788.1	3717	3602	172.423	148.232
rna-XR_002635825.1	2209	2094	46.3543	68.5495
rna-XR_002635821.1	11409	11294	60.8172	16.6751
rna-XR_002635823.1	11409	11294	60.8172	16.6751
rna-XR_002635824.1	11409	11294	60.8172	16.6751
rna-XR_002635819.1	11408	11293	67.5514	18.5232
rna-XR_002635820.1	11165	11050	1.64505e-07	4.61007e-08
rna-XR_002635822.1	9203	9088	0	0
rna-XR_002635289.1	6986	6871	1468.07	661.632
rna-XR_002635288.1	1363	1248	9.194	22.8129
rna-XR_002635228.1	6229	6114	177.888	90.0972
rna-XR_002635229.1	6229	6114	177.888	90.0972
rna-XR_002635526.1	1503	1388	112.166	250.244
rna-XR_002635567.1	3700	3585	0	0
rna-XR_002635568.1	3700	3585	0	0
rna-XR_002635569.1	3700	3585	0	0
rna-XR_002635570.1	3700	3585	0	0
rna-XR_002635571.1	3700	3585	0	0
rna-XR_002635572.1	3700	3585	0	0
rna-XR_002635573.1	1579	1464	90.2771	190.953
rna-XR_002635574.1	1579	1464	90.2771	190.953
rna-XR_002635211.1	688	577.765	47.379	253.936
rna-XR_002635726.1	11876	11761	15.288	4.02529
rna-XR_002635727.1	11876	11761	15.288	4.02529
rna-XR_002635728.1	11876	11761	15.288	4.02529
rna-XR_002635729.1	9830	9715	48.7442	15.5371
rna-XR_002635324.1	3861	3746	238.313	197.002
rna-XR_002635829.1	1906	1791	36.8018	63.6304
rna-XR_002635705.1	2596	2481	10	12.4814
rna-XR_002635243.1	1789	1674	26	48.096
rna-XR_002635165.1	4259	4144	171.052	127.82
rna-XR_002635748.1	3431	3316	68.5064	63.9745
rna-XR_002635747.1	3424	3309	0	0
rna-XR_002635361.1	1697	1582	16	31.3187
rna-XR_002635814.1	1406	1291	72.1888	173.155
rna-XR_002635702.1	2966	2851	127.173	138.13
rna-XR_002635339.1	1563	1448	21.6616	46.3247
rna-XR_002635331.1	1707	1592	39	75.8599
rna-XR_002635743.1	925	811.386	1.20142	4.58517
rna-XR_002635188.1	4482	4367	467.559	331.545
rna-XR_002635834.1	815	703.971	31	136.363
rna-XR_002635403.1	1263	1148	3	8.09227
rna-XR_002635421.1	1005	889.996	3.7132	12.9196
rna-XR_002635287.1	2368	2253	1	1.37445
rna-XR_002635552.1	976	861.352	72	258.846
rna-XR_002635300.1	1122	1007	10.9444	33.6553
rna-XR_002635224.1	1466	1351	10.3384	23.6968
rna-XR_002635223.1	2857	2742	3609.89	4076.77
rna-XR_002635624.1	3276	3161	246.591	241.57
rna-XR_002635161.1	2631	2516	145.76	179.398
rna-XR_002635549.1	4631	4516	466	319.538
rna-XR_002635828.1	3898	3783	79.5328	65.1029
rna-XR_002635408.1	546	437.335	4	28.3227
rna-XR_002635177.1	539	430.365	41.9752	302.027
rna-XR_002635340.1	2908	2793	224	248.352
rna-XR_002635341.1	2345	2230	127	176.356
rna-XR_002635781.1	1717	1602	17.5521	33.928
rna-XR_002635780.1	1829	1714	0	0
rna-XR_002635717.1	3576	3461	164.994	147.624
rna-XR_002635751.1	2801	2686	48.5277	55.9466
rna-XR_002635752.1	2800	2685	75.4723	87.043
rna-XR_002635499.1	1299	1184	103	269.387
rna-XR_002635497.1	5692	5577	223.69	124.204
rna-XR_002635498.1	5692	5577	223.69	124.204
rna-XR_002635811.1	4297	4182	380.062	281.424
rna-XR_002635337.1	1920	1805	52.403	89.902
rna-XR_002635326.1	2948	2833	25.321	27.6773
rna-XR_002635704.1	3683	3568	35.9423	31.194
rna-XR_002635358.1	711	600.565	18	92.8115
rna-XR_002635257.1	1798	1683	60	110.397
rna-XR_002635099.1	1016	900.996	13.5124	46.4408
rna-XR_002635117.1	1741	1626	15	28.5668
rna-XR_002635805.1	1503	1388	0	0
rna-XR_002635804.1	12820	12705	862.783	210.289
rna-XR_002635753.1	2826	2711	40.5803	46.3528
rna-XR_002635387.1	1117	1002	9	27.8142
rna-XR_002635388.1	2822	2707	40.7024	46.561
rna-XR_002635385.1	1885	1770	80.3112	140.506
rna-XR_002635383.1	5456	5341	0.0335255	0.0194376
rna-XR_002635384.1	5423	5308	52.2024	30.4544
rna-XR_002635382.1	5861	5746	666.633	359.262
rna-XR_002635381.1	5876	5761	881.499	473.82
rna-XR_002635386.1	4097	3982	10.8585	8.44418
rna-XR_002635378.1	5642	5527	12.6645	7.09557
rna-XR_002635380.1	5642	5527	12.6645	7.09557
rna-XR_002635379.1	5641	5526	15.6959	8.79562
rna-XR_002635471.1	3832	3717	202.676	168.85
rna-XR_002635784.1	2331	2216	632.289	883.56
rna-XR_002635833.1	2132	2017	636	976.431
rna-XR_002635334.1	594	484.924	38	242.661
rna-XR_002635516.1	895	782.303	4	15.8334
rna-XR_002635515.1	1295	1180	37.179	97.5678
rna-XR_002635413.1	13033	12918	675.264	161.871
rna-XR_002635564.1	1898	1783	36.9483	64.1703
rna-XR_002635563.1	1594	1479	28.2531	59.1547
rna-XR_002635584.1	2472	2357	8.41078	11.0501
rna-XR_002635227.1	627	517.479	14	83.777
rna-XR_002635528.1	646	536.187	15	86.6292
rna-XR_002635530.1	657	547.076	4	22.6413
rna-XR_002635529.1	1238	1123	21	57.907
rna-XR_002635527.1	6035	5920	266.532	139.418
rna-XR_002635714.1	1404	1289	5.14372	12.3571
rna-XR_002635715.1	1050	934.996	5.20032	17.223
rna-XR_002635713.1	2190	2075	99.815	148.96
rna-XR_002635318.1	2877	2762	61	68.3906
rna-XR_002635660.1	717	606.565	164.812	841.397
rna-XR_002635198.1	2925	2810	3.67289	4.04755
rna-XR_002635543.1	1407	1292	73.0682	175.129
rna-XR_002635514.1	2284	2169	394.098	562.646
rna-XR_002635469.1	2813	2698	182	208.891
rna-XR_002635101.1	1822	1707	5.97666	10.8422
rna-XR_002635812.1	2056	1941	275.124	438.928
rna-XR_002635333.1	11697	11582	425.926	113.878
rna-XR_002635343.1	1989	1874	71.2202	117.686
rna-XR_002635090.1	3993	3878	1127.26	900.134
rna-XR_002635532.1	1210	1095	79.1639	223.874
rna-XR_002635765.1	38511	38396	1397.34	112.695
rna-XR_002635201.1	1065	949.996	56	182.539
rna-XR_002635202.1	4014	3899	104	82.5981
rna-XR_002635219.1	1446	1331	91.8907	213.789
rna-XR_002635835.1	2734	2619	92.9888	109.948
rna-XR_002635182.1	17270	17155	1282.78	231.554
rna-XR_002635183.1	12582	12467	0	0
rna-XR_002635181.1	12593	12478	13.3035	3.3015
rna-XR_002635266.1	7057	6942	887.359	395.826
rna-XR_002635195.1	2750	2635	26	30.5551
rna-XR_002635097.1	1830	1715	0.023343	0.0421487
rna-XR_002635369.1	2952	2837	14.3271	15.6383
rna-XR_002635130.1	2153	2038	108.841	165.378
rna-XR_002635125.1	1163	1048	30	88.6444
rna-XR_002635345.1	7584	7469	349.793	145.023
rna-XR_002635192.1	4087	3972	74	57.6916
rna-XR_002635554.1	5088	4973	347.155	216.17
rna-XR_002635459.1	2740	2625	19	22.4138
rna-XR_002635560.1	1544	1429	11	23.837
rna-XR_002635282.1	30732	30617	750.202	75.8762
rna-XR_002635283.1	30732	30617	750.202	75.8762
rna-XR_002635284.1	30732	30617	750.202	75.8762
rna-XR_002635286.1	1109	993.996	19.4527	60.6017
rna-XR_002635285.1	996	881.056	30.1427	105.942
rna-XR_002635438.1	1143	1028	44.9314	135.347
rna-XR_002635439.1	798	687.067	8.94742	40.3263
rna-XR_002635435.1	13946	13831	337.85	75.6416
rna-XR_002635436.1	13946	13831	337.85	75.6416
rna-XR_002635434.1	3321	3206	17.6127	17.0119
rna-XR_002635431.1	4331	4216	245.163	180.071
rna-XR_002635432.1	4331	4216	245.163	180.071
rna-XR_002635433.1	4331	4216	245.163	180.071
rna-XR_002635437.1	4147	4032	995.168	764.304
rna-XR_002635220.1	11110	10995	793.741	223.549
rna-XR_002635490.1	2788	2673	441.444	511.407
rna-XR_002635493.1	1902	1787	395.032	684.54
rna-XR_002635494.1	2267	2152	177.273	255.088
rna-XR_002635492.1	2440	2325	6.29169	8.37982
rna-XR_002635486.1	3014	2899	42.2033	45.0804
rna-XR_002635487.1	2643	2528	0	0
rna-XR_002635488.1	2274	2159	135.522	194.378
rna-XR_002635491.1	630	520.479	2.37994	14.1596
rna-XR_002635479.1	11318	11203	21.7408	6.00941
rna-XR_002635481.1	11318	11203	21.7408	6.00941
rna-XR_002635482.1	11318	11203	21.7408	6.00941
rna-XR_002635483.1	11318	11203	21.7408	6.00941
rna-XR_002635484.1	11318	11203	21.7408	6.00941
rna-XR_002635480.1	12251	12136	75.7805	19.3362
rna-XR_002635489.1	3993	3878	1262.66	1008.25
rna-XR_002635485.1	10121	10006	745.521	230.722
rna-XR_002635504.1	888	775.73	18.3559	73.2748
rna-XR_002635503.1	1999	1884	37.7189	61.9968
rna-XR_002635598.1	1885	1770	127.876	223.72
rna-XR_002635587.1	15180	15065	567.418	116.634
rna-XR_002635591.1	15182	15067	484.761	99.6301
rna-XR_002635590.1	15183	15068	448.067	92.0825
rna-XR_002635588.1	15184	15069	414.153	85.1072
rna-XR_002635589.1	15184	15069	414.153	85.1072
rna-XR_002635597.1	9535	9420	99.6825	32.7686
rna-XR_002635596.1	9157	9042	271.11	92.8478
rna-XR_002635603.1	9623	9508	398.656	129.837
rna-XR_002635599.1	1991	1876	32.2799	53.2832
rna-XR_002635592.1	1508	1393	61.6593	137.069
rna-XR_002635593.1	1500	1385	49.6571	111.025
rna-XR_002635600.1	699	588.606	33.2704	175.034
rna-XR_002635586.1	1403	1288	220	528.93
rna-XR_002635595.1	2621	2506	51.4448	63.5698
rna-XR_002635594.1	2613	2498	8.04921e-08	9.97818e-08
rna-XR_002635601.1	3960	3845	317.667	255.839
rna-XR_002635602.1	3574	3459	54.8538	49.1073
rna-XR_002635237.1	1755	1640	66.5425	125.645
rna-XR_002635841.1	2434	2319	126.575	169.02
rna-XR_002635159.1	2471	2356	245.595	322.801
rna-XR_002635673.1	5904	5789	2.33549	1.24929
rna-XR_002635678.1	5904	5789	2.33549	1.24929
rna-XR_002635679.1	5904	5789	2.33549	1.24929
rna-XR_002635674.1	5915	5800	2.09682	1.1195
rna-XR_002635675.1	5915	5800	2.09682	1.1195
rna-XR_002635676.1	5915	5800	2.09682	1.1195
rna-XR_002635677.1	5915	5800	2.09682	1.1195
rna-XR_002635420.1	9455	9340	182.209	60.4104
rna-XR_002635817.1	1800	1685	21.3148	39.1717
rna-XR_002635799.1	2189	2074	90.0379	134.433
rna-XR_002635213.1	5506	5391	681.487	391.452
rna-XR_002635750.1	12047	11932	553.797	143.723
rna-XR_002635153.1	2904	2789	3101	3443.05
rna-XR_002635244.1	5513	5398	219.054	125.663
rna-XR_002635719.1	3886	3771	4.46892	3.66974
rna-XR_002635718.1	3875	3760	142.846	117.644
rna-XR_002635721.1	2984	2869	107.797	116.35
rna-XR_002635720.1	9229	9114	252.027	85.6303
rna-XR_002635722.1	1407	1292	82	196.536
rna-XR_002635155.1	5735	5620	1291.51	711.624
rna-XR_002635304.1	9363	9248	2736.64	916.347
rna-XR_002635303.1	9658	9543	0	0
rna-XR_002635302.1	10128	10013	934.28	288.937
rna-XR_002635612.1	4080	3965	2.01472e-07	1.57348e-07
rna-XR_002635611.1	3928	3813	15.5943	12.6645
rna-XR_002635604.1	3100	2985	525	544.635
rna-XR_002635553.1	10873	10758	228.791	65.8562
rna-XR_002635806.1	4206	4091	260.381	197.093
rna-XR_002635792.1	990	875.176	8.18485	28.9604
rna-XR_002635197.1	3672	3557	79.0215	68.7942
rna-XR_002635196.1	3669	3554	214.954	187.292
rna-XR_002635657.1	3589	3474	58.9779	52.5714
rna-XR_002635658.1	2649	2534	0	0
rna-XR_002635659.1	2504	2389	0	0
rna-XR_002635755.1	2763	2648	32.8205	38.3811
rna-XR_002635688.1	7460	7345	1628.01	686.366
rna-XR_002635687.1	1882	1767	22	38.5547
rna-XR_002635359.1	2254	2139	20.4808	29.6501
rna-XR_002635696.1	1213	1098	39.7941	112.23
rna-XR_002635697.1	1768	1653	8.05377	15.0875
rna-XR_002635186.1	810	699.019	31	137.329
rna-XR_002635095.1	759	648.523	4.68216	22.3568
rna-XR_002635096.1	403	295.598	41	429.508
rna-XR_002635312.1	2869	2754	228.724	257.181
rna-XR_002635278.1	1220	1105	12.1093	33.9349
rna-XR_002635121.1	1548	1433	19	41.058
rna-XR_002635566.1	1329	1214	16	40.8124
rna-XR_002635336.1	6776	6661	483.596	224.819
rna-XR_002635335.1	7171	7056	620.486	272.31
rna-XR_002635363.1	1788	1673	49.8522	92.2739
rna-XR_002635355.1	3306	3191	107.531	104.351
rna-XR_002635356.1	4502	4387	33	23.2936
rna-XR_002635354.1	2639	2524	121.635	149.232
rna-XR_002635353.1	2685	2570	55.8695	67.3181
rna-XR_002635104.1	675	564.923	8	43.8521
rna-XR_002635797.1	2257	2142	514.567	743.897
rna-XR_002635842.1	2158	2043	20	30.3146
rna-XR_002635307.1	2154	2039	35	53.1547
rna-XR_002635649.1	2702	2587	553.376	662.391
rna-XR_002635230.1	3104	2989	108.908	112.829
rna-XR_002635232.1	3526	3411	1229.1	1115.82
rna-XR_002635233.1	616	506.549	0	0
rna-XR_002635242.1	1661	1546	21	42.063
rna-XR_002635733.1	2676	2561	147.795	178.706
rna-XR_002635654.1	664	554	5	27.9479
rna-XR_002635505.1	3830	3715	2.24235	1.86911
rna-XR_002635506.1	3830	3715	2.24235	1.86911
rna-XR_002635472.1	680	569.923	44.0916	239.568
rna-XR_002635332.1	6688	6573	566.208	266.749
rna-XR_002635749.1	2478	2363	148.673	194.832
rna-XR_002635655.1	1724	1609	33	63.511
rna-XR_002635738.1	14241	14126	249.809	54.7618
rna-XR_002635740.1	14241	14126	249.809	54.7618
rna-XR_002635739.1	11840	11725	2991.93	790.184
rna-XR_002635370.1	676	565.923	9	49.2464
rna-XR_002635391.1	576	467.054	7	46.411
rna-XR_002635409.1	551	442.245	6	42.0125
rna-XR_002635200.1	2490	2375	88	114.739
rna-XR_002635217.1	2826	2711	92.9805	106.207
rna-XR_002635844.1	3634	3519	205.504	180.839
rna-XR_002635666.1	14167	14052	486.258	107.157
rna-XR_002635663.1	12111	11996	180.274	46.5357
rna-XR_002635662.1	12102	11987	48.324	12.4837
rna-XR_002635667.1	12102	11987	48.324	12.4837
rna-XR_002635668.1	12102	11987	48.324	12.4837
rna-XR_002635669.1	12102	11987	48.324	12.4837
rna-XR_002635670.1	12099	11984	65.026	16.8025
rna-XR_002635671.1	12099	11984	65.026	16.8025
rna-XR_002635665.1	12094	11979	106.667	27.5741
rna-XR_002635763.1	8157	8042	91.5025	35.2338
rna-XR_002635764.1	8157	8042	91.5025	35.2338
rna-XR_002635164.1	8761	8646	964.558	345.464
rna-XR_002635468.1	2531	2416	47.4731	60.8473
rna-XR_002635467.1	3375	3260	481.983	457.83
rna-XR_002635328.1	755	644.523	13.5055	64.8876
rna-XR_002635322.1	5023	4908	165.847	104.639
rna-XR_002635321.1	3494	3379	6234.67	5713.68
rna-XR_002635323.1	1538	1423	11.3087	24.6092
rna-XR_002635648.1	1289	1174	70.2996	185.428
rna-XR_002635406.1	1620	1505	19	39.0938
rna-XR_002635342.1	551	442.245	7	49.0146
rna-XR_002635290.1	2496	2381	183.439	238.574
rna-XR_002635218.1	2825	2710	144.019	164.567
rna-XR_002635100.1	3650	3535	0	0
rna-XR_002635818.1	2188	2073	113.841	170.056
rna-XR_002635184.1	2938	2823	17	18.6478
rna-XR_002635652.1	2531	2416	24.5539	31.4712
rna-XR_002635653.1	2538	2423	0.794195	1.015
rna-XR_002635275.1	5854	5739	356.311	192.258
rna-XR_002635316.1	11808	11693	2774.14	734.67
rna-XR_002635315.1	1597	1482	11.2857	23.5814
rna-XR_002635790.1	1479	1364	448.83	1018.96
rna-XR_002635259.1	13069	12954	2784.96	665.74
rna-XR_002635258.1	10027	9912	0	0
rna-XR_002635260.1	9934	9819	0	0
rna-XR_002635222.1	1720	1605	290	559.518
rna-XR_002635801.1	4333	4218	246.745	181.147
rna-XR_002635802.1	4335	4220	140.63	103.195
rna-XR_002635367.1	3293	3178	86.2408	84.0329
rna-XR_002635089.1	2379	2264	363.199	496.774
rna-XR_002635783.1	1527	1412	88.7377	194.61
rna-XR_002635348.1	1555	1440	10	21.5045
rna-XR_002635415.1	15391	15276	100.093	20.29
rna-XR_002635416.1	15392	15277	92.6158	18.7731
rna-XR_002635418.1	15392	15277	92.6158	18.7731
rna-XR_002635419.1	15392	15277	92.6158	18.7731
rna-XR_002635417.1	15393	15278	3085.87	625.462
rna-XR_002635638.1	6814	6699	1386.68	640.995
rna-XR_002635777.1	3921	3806	51.0401	41.5272
rna-XR_002635261.1	435	327.155	3.20574	30.3434
rna-XR_002635635.1	11037	10922	476.218	135.019
rna-XR_002635216.1	2369	2254	161.732	222.194
rna-XR_002635695.1	1035	919.996	203.682	685.578
rna-XR_002635807.1	2050	1935	815.263	1304.69
rna-XR_002635692.1	6998	6883	88.6804	39.8969
rna-XR_002635693.1	6998	6883	88.6804	39.8969
rna-XR_002635694.1	6998	6883	88.6804	39.8969
rna-XR_002635396.1	1560	1445	308	660.045
rna-XR_002635393.1	5444	5329	528.269	306.972
rna-XR_002635398.1	659	549.076	336	1894.94
rna-XR_002635400.1	3134	3019	206	211.298
rna-XR_002635397.1	1190	1075	12.9237	37.228
rna-XR_002635402.1	4641	4526	528.833	361.821
rna-XR_002635401.1	1343	1228	11	27.7387
rna-XR_002635395.1	983	868.176	51	181.908
rna-XR_002635399.1	1793	1678	14	25.8361
rna-XR_002635394.1	999	883.996	7	24.521
rna-XR_002635329.1	4291	4176	0	0
rna-XR_002635330.1	4632	4517	31.8307	21.8216
rna-XR_002635767.1	3858	3743	0	0
rna-XR_002635766.1	3517	3402	0	0
rna-XR_002635826.1	1292	1177	76.4772	201.209
rna-XR_002635745.1	12844	12729	764.252	185.923
rna-XR_002635746.1	12844	12729	764.252	185.923
rna-XR_002635319.1	760	649.523	25	119.189
rna-XR_002635778.1	4040	3925	431.363	340.325
rna-XR_002635810.1	2351	2236	402	556.73
rna-XR_002635448.1	822	710.971	39	169.864
rna-XR_002635447.1	778	667.344	84	389.779
rna-XR_002635546.1	597	487.89	41.3258	262.294
rna-XR_002635347.1	1414	1299	5	11.9193
rna-XR_002635151.1	10276	10161	518.132	157.904
rna-XR_002635152.1	10276	10161	518.132	157.904
rna-XR_002635137.1	1110	994.996	0	0
rna-XR_002635145.1	660	550.076	21	118.219
rna-XR_002635144.1	1272	1157	0	0
rna-XR_002635147.1	1612	1497	63	130.32
rna-XR_002635141.1	2710	2595	99.582	118.832
rna-XR_002635142.1	2693	2578	0.417978	0.502066
rna-XR_002635138.1	2513	2398	10.7759	13.9153
rna-XR_002635139.1	2514	2399	6.57209	8.48328
rna-XR_002635149.1	743	632.523	5	24.4784
rna-XR_002635143.1	1290	1175	107.611	283.604
rna-XR_002635148.1	537	428.395	1	7.22845
rna-XR_002635146.1	1861	1746	11.3606	20.1487
rna-XR_002635140.1	8931	8816	584.477	205.298
rna-XR_002635317.1	6771	6656	874.479	406.842
rna-XR_002635754.1	739	628.523	48	236.488
rna-XR_002635756.1	2122	2007	19.4572	30.0208
rna-XR_002635373.1	1210	1095	96	271.487
rna-XR_002635256.1	3075	2960	199.054	208.242
rna-XR_002635716.1	5355	5240	64.549	38.1459
rna-XR_002635163.1	2050	1935	218.483	349.644
rna-XR_002635162.1	1965	1850	32.7301	54.7855
rna-XR_002635703.1	2414	2299	206	277.472
rna-XR_002635357.1	921	807.441	120	460.214
rna-XR_002635221.1	3160	3045	33	33.5596
rna-XR_002635464.1	2754	2639	17	19.948
rna-XR_002635169.1	1683	1568	40	78.9959
rna-XR_002635234.1	6042	5927	353.392	184.634
rna-XR_002635451.1	2223	2108	205.385	301.71
rna-XR_002635637.1	8483	8368	436.189	161.415
rna-XR_002635803.1	1562	1447	0	0
rna-XR_002635325.1	1396	1281	232.992	563.227
rna-XR_002635299.1	2415	2300	20.5877	27.7185
rna-XR_002635774.1	2444	2329	95.1722	126.541
rna-XR_002635706.1	1209	1094	770.67	2181.44
rna-XR_002635761.1	2557	2442	57	72.2802
rna-XR_002635762.1	2557	2442	57	72.2802
rna-XR_002635689.1	2135	2020	72.0447	110.444
rna-XR_002635770.1	11963	11848	4947.83	1293.18
rna-XR_002635769.1	11572	11457	0	0
rna-XR_002635651.1	940	826.218	264	989.461
rna-XR_002635457.1	983	868.176	4	14.2673
rna-XR_002635212.1	2574	2459	4	5.03723
rna-XR_002635167.1	7764	7649	1658.45	671.409
rna-XR_002635208.1	1110	994.996	180.266	561.025
rna-XR_002635723.1	2556	2441	159.609	202.479
rna-XR_002635107.1	37400	37285	6414.84	532.772
rna-XR_002635106.1	2510	2395	41.8431	54.1014
rna-XR_002635301.1	1249	1134	0	0
rna-XR_002635238.1	3515	3400	111.3	101.37
rna-XR_002635465.1	4601	4486	556.438	384.103
rna-XR_002635466.1	976	861.352	32.0618	115.265
rna-XR_002635368.1	2620	2505	32.089	39.6678
rna-XR_002635539.1	1693	1578	40.3914	79.2634
rna-XR_002635540.1	1075	959.996	14	45.1594
rna-XR_002635538.1	1264	1149	9	24.2557
rna-XR_002635535.1	7138	7023	42.2096	18.6114
rna-XR_002635536.1	7138	7023	42.2096	18.6114
rna-XR_002635537.1	7138	7023	42.2096	18.6114
rna-XR_002635473.1	4284	4169	41.9214	31.1383
rna-XR_002635127.1	1473	1358	154.819	353.032
rna-XR_002635128.1	2204	2089	279.109	413.738
rna-XR_002635839.1	25902	25787	7535.76	904.933
rna-XR_002635685.1	875	763.098	8.81258	35.7612
rna-XR_002636528.1	1434	1319	53	124.429
rna-XR_002635943.1	2102	1987	63.517	98.988
rna-XR_002636761.1	6515	6400	286.975	138.853
rna-XR_002636950.1	1620	1505	60	123.454
rna-XR_002636879.1	3340	3225	121.201	116.377
rna-XR_002636867.1	7477	7362	167.598	70.4959
rna-XR_002636868.1	7477	7362	167.598	70.4959
rna-XR_002636169.1	3285	3170	1503.78	1468.98
rna-XR_002635877.1	1321	1206	217.058	557.339
rna-XR_002636039.1	1442	1327	169	394.373
rna-XR_002635849.1	1032	916.996	96.2754	325.115
rna-XR_002636227.1	576	467.054	1	6.63014
rna-XR_002636216.1	603	493.722	0	0
rna-XR_002636954.1	776	665.344	102	474.726
rna-XR_002635928.1	1489	1374	65.4867	147.59
rna-XR_002636937.1	936	822.218	48.0642	181.019
rna-XR_002636077.1	1186	1071	19	54.9358
rna-XR_002635947.1	1089	973.996	5	15.8965
rna-XR_002635861.1	3289	3174	531.565	518.609
rna-XR_002636121.1	14490	14375	206.309	44.4428
rna-XR_002636132.1	1979	1864	24	39.8709
rna-XR_002635939.1	2408	2293	44.1407	59.6109
rna-XR_002636276.1	2069	1954	42.5018	67.3556
rna-XR_002636275.1	2685	2570	55.4982	66.8707
rna-XR_002636277.1	2503	2388	302	391.618
rna-XR_002636234.1	4723	4608	501.282	336.868
rna-XR_002636025.1	4959	4844	419.505	268.178
rna-XR_002635914.1	784	673.253	16	73.5922
rna-XR_002636587.1	12296	12181	92.1271	23.4204
rna-XR_002636590.1	12296	12181	92.1271	23.4204
rna-XR_002636591.1	12296	12181	92.1271	23.4204
rna-XR_002636588.1	12062	11947	149.483	38.7456
rna-XR_002636589.1	8840	8725	0	0
rna-XR_002636592.1	14029	13914	569.027	126.64
rna-XR_002636593.1	14029	13914	569.027	126.64
rna-XR_002636960.1	942	828.218	54.5656	204.016
rna-XR_002635872.1	3030	2915	585.226	621.692
rna-XR_002635873.1	560	451.245	65.4154	448.909
rna-XR_002635896.1	1875	1760	0	0
rna-XR_002636475.1	3108	2993	85.0482	87.9931
rna-XR_002636045.1	4783	4668	269	178.448
rna-XR_002636880.1	1776	1661	7.5443	14.065
rna-XR_002636881.1	761	650.479	0	0
rna-XR_002636944.1	1047	931.996	12.1221	40.2765
rna-XR_002635876.1	6291	6176	313.766	157.322
rna-XR_002636888.1	1340	1225	10	25.2787
rna-XR_002635976.1	2780	2665	91.0698	105.82
rna-XR_002636229.1	855	743.771	33	137.393
rna-XR_002636609.1	1147	1032	19.2859	57.8698
rna-XR_002635862.1	935	821.218	216.791	817.472
rna-XR_002636330.1	6914	6799	264.583	120.505
rna-XR_002636063.1	2245	2130	133.713	194.395
rna-XR_002636050.1	2084	1969	74	116.38
rna-XR_002636375.1	971	856.528	34	122.921
rna-XR_002636374.1	5724	5609	138.453	76.4375
rna-XR_002636883.1	7705	7590	91.0842	37.1613
rna-XR_002636327.1	9849	9734	671.55	213.637
rna-XR_002636328.1	5347	5232	1079.7	639.037
rna-XR_002636322.1	23156	23041	1159.16	155.787
rna-XR_002636323.1	23156	23041	1159.16	155.787
rna-XR_002636329.1	1237	1122	13.6661	37.7176
rna-XR_002636324.1	35214	35099	1105.51	97.5346
rna-XR_002636326.1	35214	35099	1105.51	97.5346
rna-XR_002636325.1	28146	28031	626.376	69.1968
rna-XR_002635942.1	1533	1418	51.8247	113.175
rna-XR_002636130.1	700	589.606	8.18266	42.9757
rna-XR_002636886.1	929	815.386	44.0944	167.46
rna-XR_002636064.1	4359	4244	154.537	112.758
rna-XR_002636065.1	4035	3920	33.5823	26.5286
rna-XR_002636209.1	1900	1785	10.3059	17.8789
rna-XR_002636210.1	3173	3058	414.29	419.524
rna-XR_002636019.1	8257	8142	367.525	139.78
rna-XR_002636971.1	1414	1299	565.76	1348.7
rna-XR_002636968.1	5253	5138	253.879	153.011
rna-XR_002636843.1	6503	6388	254.461	123.352
rna-XR_002636841.1	7398	7283	48.0266	20.4203
rna-XR_002636842.1	7398	7283	48.0266	20.4203
rna-XR_002636844.1	7398	7283	48.0266	20.4203
rna-XR_002636044.1	6584	6469	126.282	60.4499
rna-XR_002636390.1	1818	1703	22	40.0036
rna-XR_002636301.1	1910	1795	3.53807	6.10369
rna-XR_002636300.1	3721	3606	711.354	610.872
rna-XR_002636355.1	11804	11689	8.97159	2.37674
rna-XR_002636354.1	12029	11914	196.962	51.1935
rna-XR_002636353.1	10758	10643	0	0
rna-XR_002636357.1	10762	10647	0	0
rna-XR_002636356.1	10762	10647	0	0
rna-XR_002636997.1	1422	1307	54	127.941
rna-XR_002636828.1	1035	919.996	32.0978	108.039
rna-XR_002636386.1	3776	3661	72.8037	61.5806
rna-XR_002636387.1	3776	3661	72.8037	61.5806
rna-XR_002636389.1	488	379.724	0	0
rna-XR_002636388.1	2456	2341	25	33.0696
rna-XR_002635901.1	1548	1433	2.84357	6.14482
rna-XR_002636247.1	2098	1983	0	0
rna-XR_002636906.1	3752	3637	136.176	115.944
rna-XR_002636274.1	917	803.496	38.2699	147.49
rna-XR_002636621.1	647	537.151	12	69.1791
rna-XR_002636622.1	1251	1136	26	70.8739
rna-XR_002636623.1	4751	4636	1567.68	1047.14
rna-XR_002636620.1	2192	2077	13	19.3819
rna-XR_002635974.1	1788	1673	0.124732	0.230873
rna-XR_002635973.1	1210	1095	16.3373	46.2016
rna-XR_002635863.1	3413	3298	54.8017	51.4557
rna-XR_002636541.1	3394	3279	18.2001	17.1879
rna-XR_002635959.1	10123	10008	2253.39	697.235
rna-XR_002635961.1	758	647.523	0	0
rna-XR_002635960.1	1621	1506	22.4774	46.218
rna-XR_002635958.1	6420	6305	142.752	70.1113
rna-XR_002636264.1	3157	3042	600.119	610.897
rna-XR_002636261.1	9119	9004	79.5252	27.3501
rna-XR_002636262.1	9582	9467	0	0
rna-XR_002636260.1	10069	9954	27.5754	8.57857
rna-XR_002636263.1	1486	1371	72	162.625
rna-XR_002636258.1	4355	4240	0	0
rna-XR_002636259.1	2900	2785	0	0
rna-XR_002636257.1	4260	4145	0	0
rna-XR_002636850.1	1885	1770	73	127.715
rna-XR_002636878.1	2575	2460	0	0
rna-XR_002636877.1	2919	2804	20.7721	22.94
rna-XR_002636613.1	3802	3687	143.934	120.888
rna-XR_002636426.1	655	545.113	2.18887	12.4344
rna-XR_002635985.1	6393	6278	15.622	7.70557
rna-XR_002635987.1	6380	6265	0.471154	0.23288
rna-XR_002635986.1	6385	6270	26.3393	13.0085
rna-XR_002636075.1	2998	2883	59.7823	64.2124
rna-XR_002636742.1	3198	3083	111.434	111.927
rna-XR_002636741.1	1726	1611	54.8757	105.481
rna-XR_002635940.1	534	425.395	19.6394	142.964
rna-XR_002636928.1	5847	5732	1315.7	710.786
rna-XR_002635993.1	1317	1202	13	33.4911
rna-XR_002636081.1	676	565.923	15	82.0774
rna-XR_002635968.1	1228	1113	31	86.2497
rna-XR_002636936.1	2543	2428	110.938	141.489
rna-XR_002636999.1	2422	2307	76	102.013
rna-XR_002636122.1	1384	1269	2.51174	6.1292
rna-XR_002636722.1	3265	3150	28.0653	27.5898
rna-XR_002636080.1	2064	1949	151.157	240.164
rna-XR_002635975.1	2483	2368	85.4221	111.707
rna-XR_002636908.1	33742	33627	2437.61	224.474
rna-XR_002636948.1	4746	4631	473.674	316.734
rna-XR_002636755.1	5353	5238	171.459	101.364
rna-XR_002636756.1	5353	5238	171.459	101.364
rna-XR_002636757.1	5353	5238	171.459	101.364
rna-XR_002635927.1	2691	2576	145.402	174.789
rna-XR_002636026.1	1154	1039	43.5858	129.903
rna-XR_002636854.1	3115	3000	125	129.027
rna-XR_002636292.1	1879	1764	4.70756	8.26396
rna-XR_002636615.1	4496	4381	2.3341	1.64982
rna-XR_002636614.1	4490	4375	11.8583	8.39333
rna-XR_002636304.1	2422	2307	196.891	264.283
rna-XR_002636191.1	2680	2565	119.2	143.906
rna-XR_002636759.1	3272	3157	37.4992	36.7822
rna-XR_002636293.1	2034	1919	30	48.4102
rna-XR_002636462.1	14029	13914	351.308	78.1855
rna-XR_002636461.1	14036	13921	193.475	43.0372
rna-XR_002636463.1	14036	13921	193.475	43.0372
rna-XR_002636473.1	23265	23150	2951.21	394.765
rna-XR_002636466.1	17981	17866	243.856	42.2665
rna-XR_002636467.1	17981	17866	243.856	42.2665
rna-XR_002636469.1	17981	17866	243.856	42.2665
rna-XR_002636468.1	15647	15532	0	0
rna-XR_002636470.1	1195	1080	9	25.8054
rna-XR_002636471.1	11251	11136	0	0
rna-XR_002636472.1	24291	24176	1040.81	133.314
rna-XR_002636464.1	10199	10084	192.939	59.2483
rna-XR_002636465.1	10199	10084	192.939	59.2483
rna-XR_002636148.1	1122	1007	8.19698	25.2067
rna-XR_002635915.1	809	698.019	0	0
rna-XR_002636124.1	1095	979.996	12	37.9181
rna-XR_002636083.1	459	350.901	29.1915	257.609
rna-XR_002636856.1	16442	16327	44.1132	8.36667
rna-XR_002636857.1	16442	16327	44.1132	8.36667
rna-XR_002636860.1	16441	16326	47.437	8.99761
rna-XR_002636858.1	16428	16313	122.017	23.1621
rna-XR_002636859.1	16308	16193	2842.03	543.49
rna-XR_002635903.1	1734	1619	36.6023	70.0088
rna-XR_002636298.1	981	866.235	16.3965	58.6144
rna-XR_002635989.1	2232	2117	14	20.4785
rna-XR_002636840.1	1679	1564	18	35.6391
rna-XR_002636763.1	2181	2066	85.7865	128.582
rna-XR_002636822.1	2125	2010	0.00165252	0.0025459
rna-XR_002636821.1	2129	2014	37.5866	57.7915
rna-XR_002636625.1	3094	2979	125.091	130.031
rna-XR_002635857.1	7367	7252	80.0892	34.1984
rna-XR_002636951.1	2298	2183	38.4422	54.5312
rna-XR_002636952.1	2298	2183	38.4422	54.5312
rna-XR_002636271.1	2272	2157	41.8709	60.1109
rna-XR_002636270.1	3168	3053	115.25	116.897
rna-XR_002636273.1	3309	3194	40.4783	39.2444
rna-XR_002636272.1	2117	2002	39.6496	61.3289
rna-XR_002635893.1	2416	2301	174.706	235.116
rna-XR_002635906.1	2481	2366	259.84	340.08
rna-XR_002636149.1	1140	1025	24.0372	72.6192
rna-XR_002636874.1	2932	2817	84.638	93.0398
rna-XR_002636746.1	1292	1177	4	10.5239
rna-XR_002636542.1	686	575.884	48	258.105
rna-XR_002636545.1	6045	5930	860.39	449.294
rna-XR_002636839.1	883	770.888	15.4338	61.9971
rna-XR_002636838.1	1255	1140	12	32.5962
rna-XR_002636309.1	2451	2336	221.544	293.682
rna-XR_002636017.1	1014	898.996	16	55.1127
rna-XR_002636348.1	708	597.565	0	0
rna-XR_002636346.1	3110	2995	7.0752	7.3153
rna-XR_002636349.1	906	792.659	6	23.4398
rna-XR_002636332.1	7604	7489	0.890019	0.368015
rna-XR_002636333.1	7604	7489	0.890019	0.368015
rna-XR_002636334.1	7604	7489	0.890019	0.368015
rna-XR_002636335.1	7604	7489	0.890019	0.368015
rna-XR_002636336.1	7604	7489	0.890019	0.368015
rna-XR_002636337.1	7604	7489	0.890019	0.368015
rna-XR_002636338.1	7604	7489	0.890019	0.368015
rna-XR_002636339.1	7604	7489	0.890019	0.368015
rna-XR_002636340.1	7604	7489	0.890019	0.368015
rna-XR_002636341.1	7604	7489	0.890019	0.368015
rna-XR_002636342.1	7604	7489	0.890019	0.368015
rna-XR_002636343.1	7604	7489	0.890019	0.368015
rna-XR_002636344.1	7604	7489	0.890019	0.368015
rna-XR_002636345.1	7604	7489	0.890019	0.368015
rna-XR_002636347.1	4781	4666	53	35.174
rna-XR_002636076.1	1587	1472	13.3114	28.0031
rna-XR_002636305.1	550	441.245	1	7.01795
rna-XR_002636195.1	1924	1809	13.7644	23.5619
rna-XR_002636907.1	1952	1837	1.24653	2.10129
rna-XR_002636847.1	1829	1714	29.5374	53.3644
rna-XR_002636848.1	3819	3704	2126.44	1777.76
rna-XR_002636832.1	4357	4242	236.785	172.852
rna-XR_002636923.1	2259	2144	5.01035	7.23659
rna-XR_002636232.1	381	273.793	51	576.815
rna-XR_002636231.1	804	693.067	239	1067.86
rna-XR_002636233.1	1093	977.996	80	253.304
rna-XR_002636831.1	4079	3964	559.221	436.858
rna-XR_002635963.1	3792	3677	39.6427	33.3856
rna-XR_002636598.1	2255	2140	60.602	87.6928
rna-XR_002636480.1	1387	1272	3	7.3034
rna-XR_002636477.1	2825	2710	23.4154	26.756
rna-XR_002636476.1	2112	1997	34.201	53.0337
rna-XR_002636479.1	2910	2795	4	4.43168
rna-XR_002636478.1	958	843.876	10	36.6954
rna-XR_002636117.1	16857	16742	1771.07	327.58
rna-XR_002636118.1	2437	2322	1028.84	1372.06
rna-XR_002636115.1	2682	2567	63	75.9985
rna-XR_002636116.1	2682	2567	63	75.9985
rna-XR_002636114.1	4094	3979	26	20.2344
rna-XR_002636113.1	2142	2027	3.24033	4.95024
rna-XR_002636415.1	10116	10001	628.465	194.593
rna-XR_002636823.1	2981	2866	95.6378	103.334
rna-XR_002636154.1	4216	4101	150.026	113.283
rna-XR_002636152.1	1097	981.996	63.8691	201.405
rna-XR_002636156.1	5076	4961	133.219	83.1547
rna-XR_002636155.1	1103	987.996	21	65.8194
rna-XR_002636151.1	758	647.523	3.27393	15.6568
rna-XR_002636153.1	777	666.344	5.54083	25.7493
rna-XR_002636876.1	1298	1183	0	0
rna-XR_002635846.1	988	873.176	16	56.7425
rna-XR_002635964.1	814	703.019	12	52.8572
rna-XR_002636221.1	5657	5542	144.651	80.8251
rna-XR_002636367.1	4467	4352	61	43.4041
rna-XR_002635996.1	2655	2540	46.4316	56.607
rna-XR_002636447.1	1456	1341	48	110.842
rna-XR_002636442.1	6602	6487	60.0964	28.6876
rna-XR_002636443.1	6602	6487	60.0964	28.6876
rna-XR_002636445.1	6917	6802	0	0
rna-XR_002636444.1	11544	11429	905.675	245.388
rna-XR_002636446.1	476	367.827	31	260.98
rna-XR_002636366.1	1835	1720	30	54.0112
rna-XR_002636520.1	5696	5581	424.123	235.326
rna-XR_002636519.1	10854	10739	349.132	100.674
rna-XR_002636521.1	2505	2390	58.3543	75.6076
rna-XR_002636248.1	668	558	18	99.8913
rna-XR_002636809.1	1172	1057	64	187.498
rna-XR_002636800.1	1499	1384	13.6516	30.5449
rna-XR_002636799.1	670	560	8.49606	46.9807
rna-XR_002636789.1	1809	1694	33.092	60.4924
rna-XR_002636805.1	10196	10081	657.506	201.969
rna-XR_002636786.1	26675	26560	1562.13	182.129
rna-XR_002636787.1	26674	26559	151.075	17.6145
rna-XR_002636788.1	26674	26559	151.075	17.6145
rna-XR_002636784.1	23075	22960	0	0
rna-XR_002636785.1	26673	26558	157.974	18.4196
rna-XR_002636782.1	26672	26557	89.625	10.4506
rna-XR_002636783.1	23948	23833	2205.63	286.578
rna-XR_002636794.1	4657	4542	74.0649	50.4958
rna-XR_002636798.1	4612	4497	0	0
rna-XR_002636796.1	4603	4488	0	0
rna-XR_002636795.1	4283	4168	0	0
rna-XR_002636797.1	4283	4168	0	0
rna-XR_002636801.1	3474	3359	43.7391	40.3227
rna-XR_002636790.1	2108	1993	0	0
rna-XR_002636791.1	2108	1993	0	0
rna-XR_002636792.1	1479	1364	0	0
rna-XR_002636793.1	1479	1364	0	0
rna-XR_002636810.1	1914	1799	185	318.443
rna-XR_002636806.1	992	877.116	46	162.402
rna-XR_002636808.1	1670	1555	70.2651	139.926
rna-XR_002636802.1	6016	5901	34.4517	18.079
rna-XR_002636807.1	27303	27188	1439.15	163.915
rna-XR_002636803.1	1572	1457	394	837.39
rna-XR_002636804.1	1246	1131	30	82.1391
rna-XR_002636811.1	725	614.565	0	0
rna-XR_002636147.1	4337	4222	277.079	203.224
rna-XR_002635884.1	1000	884.996	157.42	550.819
rna-XR_002635935.1	1125	1010	221.014	677.626
rna-XR_002636617.1	2310	2195	26.1841	36.9397
rna-XR_002635924.1	2602	2487	103.601	128.996
rna-XR_002635925.1	1224	1109	22.7033	63.3941
rna-XR_002635920.1	16844	16729	1481.17	274.173
rna-XR_002635922.1	18953	18838	144.437	23.7429
rna-XR_002635918.1	18969	18854	65.4678	10.7526
rna-XR_002635921.1	18969	18854	65.4678	10.7526
rna-XR_002635919.1	18968	18853	69.7184	11.4514
rna-XR_002635923.1	18968	18853	69.7184	11.4514
rna-XR_002636586.1	1372	1257	1646.93	4057.24
rna-XR_002636753.1	2412	2297	5.24796	7.07489
rna-XR_002636754.1	2412	2297	5.24796	7.07489
rna-XR_002636417.1	7429	7314	190.701	80.7398
rna-XR_002636418.1	1314	1199	90	232.442
rna-XR_002636905.1	1474	1359	940.939	2144.04
rna-XR_002636097.1	863	751.566	31.6875	130.56
rna-XR_002636218.1	2104	1989	68.4596	106.584
rna-XR_002636736.1	2156	2041	9.55803	14.5016
rna-XR_002636733.1	905	791.713	11.211	43.8495
rna-XR_002636728.1	2956	2841	2.44392	2.66383
rna-XR_002636730.1	1527	1412	35.4416	77.7267
rna-XR_002636729.1	2953	2838	8.55608	9.33583
rna-XR_002636734.1	764	653.389	1.99913	9.47457
rna-XR_002636735.1	2567	2452	25	31.5726
rna-XR_002636731.1	849	737.822	131	549.806
rna-XR_002636732.1	2706	2591	3.44197	4.11367
rna-XR_002636738.1	2355	2240	420.932	581.908
rna-XR_002636737.1	694	583.686	45.3352	240.517
rna-XR_002636194.1	1011	895.996	3.91749	13.5392
rna-XR_002635908.1	1816	1701	73.472	133.755
rna-XR_002635909.1	2962	2847	34	36.9813
rna-XR_002636098.1	544	435.365	4.78549	34.0379
rna-XR_002636241.1	1899	1784	69.2432	120.191
rna-XR_002636243.1	3634	3519	83.797	73.7394
rna-XR_002636242.1	3163	3048	0	0
rna-XR_002636244.1	881	768.994	29	116.779
rna-XR_002636439.1	5822	5707	57	30.9284
rna-XR_002636440.1	5822	5707	57	30.9284
rna-XR_002636835.1	3180	3065	252.233	254.836
rna-XR_002636119.1	3490	3375	33.5688	30.8001
rna-XR_002636099.1	1086	970.996	69.1278	220.458
rna-XR_002636101.1	944	830.218	11.6128	43.3145
rna-XR_002636100.1	3050	2935	127.599	134.626
rna-XR_002636285.1	2028	1913	246.851	399.586
rna-XR_002636283.1	3072	2957	153.102	160.332
rna-XR_002636282.1	1253	1138	0	0
rna-XR_002636284.1	1253	1138	0	0
rna-XR_002636288.1	14160	14045	1114.4	245.702
rna-XR_002636287.1	1305	1190	4.24999	11.0594
rna-XR_002636286.1	1025	909.996	2.8993	9.86605
rna-XR_002636165.1	2600	2485	32.8114	40.8873
rna-XR_002636164.1	1478	1363	147	333.974
rna-XR_002636166.1	2857	2742	461.83	521.561
rna-XR_002636167.1	1379	1264	74	181.291
rna-XR_002635917.1	2545	2430	201	256.142
rna-XR_002635916.1	1547	1432	110	237.87
rna-XR_002635869.1	11439	11324	595.454	162.831
rna-XR_002636602.1	3748	3633	99.8068	85.0716
rna-XR_002635980.1	11872	11757	165.638	43.6267
rna-XR_002635981.1	12572	12457	0	0
rna-XR_002636836.1	23816	23701	3135.83	409.709
rna-XR_002636546.1	2434	2319	127.982	170.898
rna-XR_002636035.1	1005	889.996	24.0467	83.6674
rna-XR_002636037.1	14732	14617	373.5	79.1265
rna-XR_002636036.1	11232	11117	129.78	36.1501
rna-XR_002636033.1	4475	4360	219.884	156.17
rna-XR_002636034.1	2119	2004	19.0663	29.4618
rna-XR_002636106.1	1569	1454	147.138	313.366
rna-XR_002636104.1	2938	2823	474.481	520.473
rna-XR_002636107.1	462	353.877	0	0
rna-XR_002636105.1	1706	1591	18.6166	36.2343
rna-XR_002636252.1	1475	1360	18.3393	41.7576
rna-XR_002635907.1	2426	2311	11.7702	15.7715
rna-XR_002636238.1	2266	2151	38	54.7058
rna-XR_002636852.1	1023	907.996	24.9254	85.0058
rna-XR_002636408.1	4498	4383	257.45	181.891
rna-XR_002636407.1	7014	6899	200.539	90.0124
rna-XR_002636409.1	2101	1986	52.1439	81.3045
rna-XR_002636401.1	11772	11657	62.462	16.5928
rna-XR_002636402.1	11772	11657	62.462	16.5928
rna-XR_002636403.1	11772	11657	62.462	16.5928
rna-XR_002636404.1	11772	11657	62.462	16.5928
rna-XR_002636406.1	11772	11657	62.462	16.5928
rna-XR_002636405.1	11726	11611	0	0
rna-XR_002635970.1	1869	1754	30	52.9642
rna-XR_002636966.1	2708	2593	7.20921	8.60945
rna-XR_002636967.1	2708	2593	7.20921	8.60945
rna-XR_002635859.1	942	828.218	61	228.073
rna-XR_002635860.1	5342	5227	484.86	287.246
rna-XR_002636515.1	735	624.523	3.10305	15.3861
rna-XR_002636505.1	1165	1050	567.459	1673.54
rna-XR_002636499.1	11008	10893	166.763	47.4071
rna-XR_002636498.1	5590	5475	1.83765e-05	1.03937e-05
rna-XR_002636507.1	357	250.133	28.6482	354.663
rna-XR_002636510.1	317	210.742	0	0
rna-XR_002636509.1	513	404.509	0	0
rna-XR_002636494.1	4639	4524	1239.11	848.159
rna-XR_002636495.1	4146	4031	100.31	77.0585
rna-XR_002636504.1	896	783.25	172.649	682.58
rna-XR_002636513.1	540	431.365	100.488	721.371
rna-XR_002636503.1	3928	3813	1058.74	859.828
rna-XR_002636514.1	536	427.395	21	152.153
rna-XR_002636500.1	8945	8830	518.694	181.903
rna-XR_002636501.1	8945	8830	518.694	181.903
rna-XR_002636502.1	8945	8830	518.694	181.903
rna-XR_002636511.1	933	819.33	6.518	24.6346
rna-XR_002636496.1	10845	10730	1664.72	480.432
rna-XR_002636497.1	10844	10729	326.32	94.1833
rna-XR_002636508.1	3261	3146	582.88	573.735
rna-XR_002636820.1	5112	4997	90	55.7729
rna-XR_002635969.1	3182	3067	226.11	228.295
rna-XR_002636655.1	5524	5409	93.7059	53.6463
rna-XR_002636656.1	5524	5409	93.7059	53.6463
rna-XR_002636657.1	5524	5409	93.7059	53.6463
rna-XR_002636658.1	5524	5409	93.7059	53.6463
rna-XR_002636662.1	7572	7457	853.752	354.533
rna-XR_002636660.1	1627	1512	0	0
rna-XR_002636659.1	660	550.076	6.50394	36.6137
rna-XR_002636663.1	19993	19878	1337.21	208.313
rna-XR_002636661.1	16820	16705	718.218	133.137
rna-XR_002636067.1	10022	9907	153.241	47.8986
rna-XR_002636068.1	10009	9894	727.278	227.624
rna-XR_002636919.1	1525	1410	3406.02	7480.3
rna-XR_002636939.1	8878	8763	1458.47	515.388
rna-XR_002636940.1	27476	27361	1683.7	190.556
rna-XR_002636005.1	751	640.523	0	0
rna-XR_002636004.1	748	637.523	0	0
rna-XR_002636669.1	1054	938.996	2.64032	8.70729
rna-XR_002635926.1	4388	4273	418.416	303.225
rna-XR_002636290.1	5526	5411	142.473	81.535
rna-XR_002636945.1	2409	2294	284.46	383.988
rna-XR_002636003.1	6330	6215	3.91173	1.94903
rna-XR_002636002.1	7757	7642	43.1763	17.4956
rna-XR_002636946.1	3131	3016	93.1452	95.6356
rna-XR_002636909.1	1972	1857	189.082	315.303
rna-XR_002636605.1	2480	2365	148.168	194.006
rna-XR_002636235.1	2790	2675	49	56.7234
rna-XR_002636175.1	10835	10720	854.794	246.92
rna-XR_002636601.1	6539	6424	153.629	74.0556
rna-XR_002636393.1	1301	1186	0	0
rna-XR_002636724.1	929	815.386	55	208.876
rna-XR_002636022.1	802	691.067	197.907	886.81
rna-XR_002636021.1	295	189.214	67.8522	1110.45
rna-XR_002636921.1	1109	993.996	51.686	161.019
rna-XR_002636303.1	17160	17045	447.802	81.3539
rna-XR_002636758.1	2863	2748	129	145.366
rna-XR_002636956.1	10597	10482	7.29592	2.15539
rna-XR_002636957.1	10597	10482	7.29592	2.15539
rna-XR_002636958.1	10602	10487	4.14424	1.22372
rna-XR_002636959.1	10606	10491	2.63645	0.778204
rna-XR_002636534.1	2238	2123	150.87	220.061
rna-XR_002636533.1	1785	1670	49.3224	91.4573
rna-XR_002636038.1	6106	5991	164.144	84.8428
rna-XR_002636875.1	1103	987.996	50.4786	158.213
rna-XR_002635984.1	3101	2986	108.22	112.229
rna-XR_002635982.1	2947	2832	129.388	141.478
rna-XR_002635983.1	2692	2577	45.9332	55.1953
rna-XR_002636250.1	1141	1026	2.65861	8.02413
rna-XR_002636915.1	1081	965.996	12.81	41.0641
rna-XR_002636056.1	4188	4073	0.120615	0.0917017
rna-XR_002636055.1	4181	4066	0.927656	0.706496
rna-XR_002636054.1	4175	4060	5.34586	4.07739
rna-XR_002636862.1	1474	1359	60	136.717
rna-XR_002636220.1	2517	2402	13.1274	16.9237
rna-XR_002635971.1	4624	4509	134	92.0269
rna-XR_002635972.1	2201	2086	94.2467	139.908
rna-XR_002636012.1	7136	7021	3248.72	1432.86
rna-XR_002636007.1	11926	11811	56.3897	14.7844
rna-XR_002636008.1	24868	24753	1251.52	156.567
rna-XR_002636011.1	11787	11672	1752.15	464.852
rna-XR_002636009.1	4660	4545	0	0
rna-XR_002636010.1	960	845.876	123	450.286
rna-XR_002635851.1	2284	2169	71	101.365
rna-XR_002635850.1	2325	2210	0	0
rna-XR_002636539.1	773	662.344	100.138	468.17
rna-XR_002636423.1	3382	3267	38.4113	36.4083
rna-XR_002636424.1	3382	3267	38.4113	36.4083
rna-XR_002636425.1	1843	1728	12	21.5044
rna-XR_002636993.1	2842	2727	131.253	149.044
rna-XR_002636897.1	1950	1835	146.448	247.138
rna-XR_002636896.1	957	842.876	10.5123	38.6209
rna-XR_002636900.1	2301	2186	268.496	380.345
rna-XR_002636899.1	1607	1492	132.759	275.542
rna-XR_002636898.1	2212	2097	0	0
rna-XR_002636197.1	5520	5405	644.605	369.307
rna-XR_002636196.1	3078	2963	26.3997	27.5903
rna-XR_002636645.1	2927	2812	47	51.7574
rna-XR_002636646.1	1821	1706	73.6533	133.692
rna-XR_002636631.1	10612	10497	0	0
rna-XR_002636629.1	10808	10693	0	0
rna-XR_002636630.1	10808	10693	0	0
rna-XR_002636632.1	10808	10693	0	0
rna-XR_002636635.1	10808	10693	0	0
rna-XR_002636636.1	10808	10693	0	0
rna-XR_002636637.1	10808	10693	0	0
rna-XR_002636638.1	10808	10693	0	0
rna-XR_002636640.1	10808	10693	0	0
rna-XR_002636641.1	10808	10693	0	0
rna-XR_002636642.1	10808	10693	0	0
rna-XR_002636643.1	10808	10693	0	0
rna-XR_002636644.1	10808	10693	0	0
rna-XR_002636634.1	11618	11503	1303.12	350.802
rna-XR_002636633.1	11683	11568	12.9105	3.45601
rna-XR_002636639.1	11689	11574	43.2738	11.5779
rna-XR_002636594.1	3036	2921	18.6957	19.8198
rna-XR_002636595.1	3036	2921	18.6957	19.8198
rna-XR_002636596.1	1800	1685	0	0
rna-XR_002636308.1	1072	956.996	31.854	103.073
rna-XR_002636600.1	2032	1917	0	0
rna-XR_002635944.1	1195	1080	0	0
rna-XR_002636396.1	2611	2496	89.1404	110.591
rna-XR_002637004.1	3282	3167	33.1942	32.4567
rna-XR_002636182.1	1608	1493	123.332	255.805
rna-XR_002636912.1	15874	15759	1183.63	232.582
rna-XR_002636929.1	12179	12064	2067.84	530.782
rna-XR_002636266.1	801	690.067	25	112.186
rna-XR_002635954.1	2154	2039	108	164.02
rna-XR_002635848.1	474	365.827	117	990.375
rna-XR_002636072.1	1948	1833	144.279	243.743
rna-XR_002636889.1	2727	2612	16	18.9687
rna-XR_002636916.1	2571	2456	49.7493	62.7262
rna-XR_002636938.1	2967	2852	5	5.42889
rna-XR_002636965.1	3564	3449	108	96.9663
rna-XR_002636144.1	3474	3359	119.081	109.78
rna-XR_002636529.1	634	524.479	17	100.372
rna-XR_002636530.1	760	649.523	8	38.1404
rna-XR_002636051.1	4184	4069	131.459	100.044
rna-XR_002636052.1	4184	4069	131.459	100.044
rna-XR_002636053.1	4184	4069	131.459	100.044
rna-XR_002636296.1	2069	1954	117.14	185.64
rna-XR_002635953.1	3234	3119	5	4.96415
rna-XR_002636230.1	692	581.686	12	63.8825
rna-XR_002636015.1	1509	1394	16	35.5425
rna-XR_002636268.1	660	550.076	6	33.7768
rna-XR_002636416.1	1684	1569	139	274.336
rna-XR_002635868.1	3177	3062	36.3717	36.7831
rna-XR_002636518.1	675	564.923	74	405.632
rna-XR_002636516.1	11856	11741	962.854	253.948
rna-XR_002636517.1	783	672.253	4.68931	21.6006
rna-XR_002635936.1	2033	1918	16	25.8322
rna-XR_002636882.1	3221	3106	165.635	165.136
rna-XR_002635967.1	2394	2279	33.8297	45.9667
rna-XR_002635977.1	8794	8679	10.5616	3.76833
rna-XR_002636307.1	22337	22222	4857.5	676.892
rna-XR_002636306.1	20389	20274	0	0
rna-XR_002636058.1	9055	8940	292.759	101.406
rna-XR_002636767.1	5110	4995	107.265	66.4985
rna-XR_002636551.1	3499	3384	287.129	262.746
rna-XR_002635897.1	2170	2055	24	36.1651
rna-XR_002635898.1	2170	2055	24	36.1651
rna-XR_002635899.1	10655	10540	296.691	87.1672
rna-XR_002636062.1	4300	4185	174.183	128.884
rna-XR_002635866.1	3052	2937	34.7722	36.6622
rna-XR_002636872.1	1370	1255	70.057	172.862
rna-XR_002636653.1	1936	1821	147.388	250.635
rna-XR_002635858.1	2252	2137	119.9	173.742
rna-XR_002636120.1	6783	6668	857.715	398.325
rna-XR_002635930.1	17180	17065	976.577	177.211
rna-XR_002635931.1	17180	17065	976.577	177.211
rna-XR_002635932.1	17180	17065	976.577	177.211
rna-XR_002636768.1	4135	4020	710.981	547.674
rna-XR_002636581.1	21224	21109	118.673	17.4091
rna-XR_002636580.1	21225	21110	112.19	16.4572
rna-XR_002636577.1	21226	21111	456.486	66.9589
rna-XR_002636578.1	21226	21111	456.486	66.9589
rna-XR_002636579.1	21226	21111	456.486	66.9589
rna-XR_002636584.1	21226	21111	456.486	66.9589
rna-XR_002636582.1	11320	11205	57.5339	15.9002
rna-XR_002636583.1	11708	11593	0	0
rna-XR_002636998.1	5854	5739	197.737	106.694
rna-XR_002636845.1	1868	1753	458	809.048
rna-XR_002636350.1	9154	9039	57.7438	19.7822
rna-XR_002636885.1	2364	2249	79.7287	109.778
rna-XR_002636383.1	3291	3176	0.000530597	0.000517338
rna-XR_002636384.1	3356	3241	0	0
rna-XR_002636382.1	2215	2100	69.1413	101.955
rna-XR_002636942.1	4636	4521	515.818	353.307
rna-XR_002635979.1	2007	1892	417.718	683.68
rna-XR_002636422.1	525	416.453	3.44784	25.6372
rna-XR_002636419.1	3593	3478	0	0
rna-XR_002636420.1	3593	3478	0	0
rna-XR_002636421.1	2399	2284	1.31252	1.77951
rna-XR_002636246.1	1218	1103	2	5.61495
rna-XR_002636040.1	617	507.514	0	0
rna-XR_002637002.1	3158	3043	239.697	243.922
rna-XR_002635889.1	1006	890.996	10.1614	35.3158
rna-XR_002636766.1	9732	9617	718.227	231.266
rna-XR_002635855.1	1125	1010	11	33.7258
rna-XR_002636770.1	2493	2378	276.19	359.656
rna-XR_002636814.1	939	825.218	0	0
rna-XR_002636626.1	2415	2300	127.822	172.095
rna-XR_002636563.1	9908	9793	0	0
rna-XR_002636564.1	9908	9793	0	0
rna-XR_002636573.1	9908	9793	0	0
rna-XR_002636561.1	8544	8429	3.19353e-06	1.17324e-06
rna-XR_002636565.1	8544	8429	3.19353e-06	1.17324e-06
rna-XR_002636566.1	8544	8429	3.19353e-06	1.17324e-06
rna-XR_002636567.1	8544	8429	3.19353e-06	1.17324e-06
rna-XR_002636569.1	8544	8429	3.19353e-06	1.17324e-06
rna-XR_002636570.1	8544	8429	3.19353e-06	1.17324e-06
rna-XR_002636571.1	8544	8429	3.19353e-06	1.17324e-06
rna-XR_002636572.1	5549	5434	0	0
rna-XR_002636562.1	8428	8313	21.6854	8.07793
rna-XR_002636568.1	8427	8312	25.011	9.31786
rna-XR_002635895.1	4553	4438	404.271	282.082
rna-XR_002635871.1	3875	3760	445.35	366.779
rna-XR_002635870.1	4097	3982	0	0
rna-XR_002635847.1	3848	3733	122.019	101.219
rna-XR_002636913.1	3097	2982	32	33.2302
rna-XR_002636391.1	2731	2616	175.505	207.751
rna-XR_002635992.1	16857	16742	209.669	38.7808
rna-XR_002636922.1	2745	2630	163.1	192.039
rna-XR_002636061.1	4217	4102	0	0
rna-XR_002636060.1	3237	3122	0	0
rna-XR_002635867.1	5491	5376	71.0342	40.9165
rna-XR_002636145.1	8334	8219	57	21.4756
rna-XR_002636029.1	3243	3128	50	49.4987
rna-XR_002636713.1	8156	8041	168.905	65.0463
rna-XR_002636714.1	8156	8041	168.905	65.0463
rna-XR_002636719.1	1120	1005	7.14498	22.0154
rna-XR_002636718.1	6163	6048	346.57	177.447
rna-XR_002636689.1	84741	84626	1448.79	53.014
rna-XR_002636693.1	84739	84624	1489.97	54.5223
rna-XR_002636692.1	57451	57336	8200.87	442.917
rna-XR_002636688.1	84529	84414	1090.67	40.01
rna-XR_002636690.1	84531	84416	1060.45	38.9005
rna-XR_002636691.1	84532	84417	2061.84	75.6335
rna-XR_002636696.1	4156	4041	68.9015	52.7995
rna-XR_002636697.1	4156	4041	68.9015	52.7995
rna-XR_002636695.1	1011	895.996	81.5945	281.997
rna-XR_002636716.1	5833	5718	0	0
rna-XR_002636715.1	7915	7800	451.301	179.168
rna-XR_002636708.1	1774	1659	54	100.795
rna-XR_002636720.1	1315	1200	19.5353	50.4115
rna-XR_002636707.1	7233	7118	239.549	104.214
rna-XR_002636706.1	7230	7115	394.935	171.886
rna-XR_002636705.1	2530	2415	0	0
rna-XR_002636702.1	2518	2403	0	0
rna-XR_002636704.1	26729	26614	4470.01	520.102
rna-XR_002636703.1	2215	2100	0	0
rna-XR_002636698.1	9047	8932	109.922	38.1089
rna-XR_002636700.1	9047	8932	109.922	38.1089
rna-XR_002636699.1	9048	8933	96.2548	33.3668
rna-XR_002636701.1	2183	2068	231	345.901
rna-XR_002636694.1	7439	7324	393.531	166.388
rna-XR_002636710.1	3258	3143	503.731	496.301
rna-XR_002636709.1	3306	3191	66.479	64.5131
rna-XR_002636712.1	6961	6846	911.731	412.401
rna-XR_002636711.1	7026	6911	0.162358	0.0727482
rna-XR_002636717.1	6460	6345	380.824	185.858
rna-XR_002636955.1	1096	980.996	278	877.541
rna-XR_002636996.1	1938	1823	233	395.786
rna-XR_002636970.1	2223	2108	439	644.888
rna-XR_002636812.1	4368	4253	654.891	476.83
rna-XR_002636813.1	3355	3240	170.282	162.748
rna-XR_002635882.1	9969	9854	0	0
rna-XR_002635883.1	11780	11665	72.9169	19.3568
rna-XR_002635879.1	11783	11668	53.75	14.265
rna-XR_002635880.1	11783	11668	53.75	14.265
rna-XR_002635881.1	11783	11668	53.75	14.265
rna-XR_002635902.1	1210	1095	17	48.0757
rna-XR_002636214.1	1078	962.996	15	48.2344
rna-XR_002636212.1	2348	2233	13.4808	18.6946
rna-XR_002636213.1	2348	2233	13.4808	18.6946
rna-XR_002636177.1	3124	3009	446.201	459.196
rna-XR_002636178.1	2983	2868	15.3813	16.6074
rna-XR_002636180.1	1355	1240	46.014	114.911
rna-XR_002636181.1	2999	2884	394.716	423.818
rna-XR_002636176.1	2990	2875	83.3999	89.8293
rna-XR_002636527.1	7247	7132	935.296	406.095
rna-XR_002635994.1	8896	8781	101.586	35.8243
rna-XR_002636973.1	618	508.514	18	109.612
rna-XR_002636193.1	964	849.76	0	0
rna-XR_002636994.1	1592	1477	8.80087	18.4517
rna-XR_002636995.1	1807	1692	15.7395	28.8059
rna-XR_002635886.1	3962	3847	68.8488	55.4197
rna-XR_002635885.1	3970	3855	5.8599	4.70713
rna-XR_002636890.1	3046	2931	7.52449	7.94972
rna-XR_002636297.1	1287	1172	2.41276	6.37496
rna-XR_002636910.1	1233	1118	114.582	317.369
rna-XR_002636006.1	1268	1153	9	24.1715
rna-XR_002635988.1	2480	2365	31.9881	41.884
rna-XR_002636041.1	1866	1751	0	0
rna-XR_002636042.1	2746	2631	16	18.8317
rna-XR_002636947.1	2105	1990	80.0723	124.601
rna-XR_002636174.1	1996	1881	147.691	243.14
rna-XR_002637005.1	1274	1159	7.95179	21.2458
rna-XR_002636624.1	3134	3019	125.774	129.009
rna-XR_002636140.1	4088	3973	140.57	109.563
rna-XR_002636138.1	1270	1155	11	29.4918
rna-XR_002636137.1	1921	1806	19	32.5782
rna-XR_002636142.1	627	517.479	0	0
rna-XR_002636134.1	1311	1196	82.5695	213.786
rna-XR_002636139.1	732	621.523	2.52761	12.5934
rna-XR_002636135.1	2081	1966	142.343	224.204
rna-XR_002636133.1	1279	1164	0.0482145	0.128267
rna-XR_002636136.1	8711	8596	1033.9	372.453
rna-XR_002636141.1	1839	1724	17	30.5353
rna-XR_002636249.1	2831	2716	524.479	597.983
rna-XR_002636059.1	948	834.048	318.368	1182.03
rna-XR_002635998.1	3478	3363	193.338	178.025
rna-XR_002636225.1	1789	1674	19	35.147
rna-XR_002636224.1	66643	66528	3973.19	184.937
rna-XR_002636223.1	2822	2707	46.8986	53.649
rna-XR_002636018.1	1345	1230	26	65.4575
rna-XR_002636125.1	5077	4962	82.0954	51.2333
rna-XR_002636128.1	1731	1616	23.2233	44.5013
rna-XR_002636126.1	4223	4108	1055.83	795.89
rna-XR_002636431.1	3281	3166	0	0
rna-XR_002636771.1	2856	2741	0	0
rna-XR_002636772.1	19480	19365	3054.58	488.454
rna-XR_002636773.1	3935	3820	147.624	119.67
rna-XR_002636087.1	2860	2745	38.1529	43.0403
rna-XR_002636093.1	1026	910.996	83.9443	285.341
rna-XR_002636090.1	8762	8647	1039.43	372.238
rna-XR_002636096.1	16280	16165	957.888	183.497
rna-XR_002636089.1	1531	1416	10.5963	23.1731
rna-XR_002636094.1	6060	5945	1898.87	989.082
rna-XR_002636095.1	3646	3531	38.1479	33.4552
rna-XR_002636088.1	3241	3126	180.175	178.483
rna-XR_002636092.1	3075	2960	20.2736	21.2094
rna-XR_002636091.1	3302	3187	32.9199	31.9865
rna-XR_002636827.1	1139	1024	0	0
rna-XR_002635945.1	3902	3787	2.65907	2.17432
rna-XR_002635946.1	3902	3787	2.65907	2.17432
rna-XR_002637003.1	2930	2815	674.101	741.544
rna-XR_002636924.1	973	858.411	2299	8293.41
rna-XR_002635955.1	2072	1957	56.3741	89.2029
rna-XR_002635956.1	2075	1960	9.16424	14.4787
rna-XR_002636604.1	34480	34365	3214.51	289.66
rna-XR_002636961.1	2106	1991	33.2392	51.6975
rna-XR_002636049.1	1197	1082	45.397	129.924
rna-XR_002636027.1	1182	1067	328.861	954.418
rna-XR_002636014.1	1283	1168	49.5129	131.27
rna-XR_002636870.1	7573	7458	185.104	76.857
rna-XR_002636978.1	9375	9260	0.0363814	0.0121663
rna-XR_002636977.1	9377	9262	0.0281608	0.0094152
rna-XR_002636974.1	9378	9263	0.0247763	0.00828275
rna-XR_002636979.1	9385	9270	0.0101145	0.00337874
rna-XR_002636975.1	9572	9457	177.205	58.0246
rna-XR_002636976.1	9572	9457	177.205	58.0246
rna-XR_002636023.1	7944	7829	338.311	133.813
rna-XR_002636024.1	7727	7612	4936.44	2008.19
rna-XR_002635962.1	1847	1732	106.467	190.352
rna-XR_002636186.1	1122	1007	27	83.0282
rna-XR_002636187.1	2060	1945	16.7553	26.6761
rna-XR_002636855.1	2549	2434	142.994	181.922
rna-XR_002636131.1	1701	1586	9.47704	18.5038
rna-XR_002636226.1	1468	1353	6.57071	15.0385
rna-XR_002636109.1	928	814.386	77.3688	294.188
rna-XR_002636849.1	1660	1545	48.9067	98.0236
rna-XR_002635913.1	560	451.245	125.312	859.942
rna-XR_002635852.1	1330	1215	47	119.788
rna-XR_002636607.1	1885	1770	78	136.462
rna-XR_002636392.1	3375	3260	259.1	246.116
rna-XR_002636853.1	1708	1593	92	178.839
rna-XR_002636146.1	6498	6383	7904.16	3834.61
rna-XR_002636289.1	2485	2370	175.364	229.13
rna-XR_002636825.1	2378	2263	13	17.7889
rna-XR_002636745.1	3118	3003	42.038	43.3488
rna-XR_002636744.1	4274	4159	5.88025	4.37822
rna-XR_002636743.1	3099	2984	119.201	123.7
rna-XR_002635878.1	1825	1710	34.0828	61.7205
rna-XR_002636207.1	3112	2997	304.993	315.132
rna-XR_002636312.1	3724	3609	187.814	161.151
rna-XR_002635912.1	3167	3052	106	107.55
rna-XR_002635910.1	5060	4945	123.546	77.3661
rna-XR_002635911.1	1162	1047	0	0
rna-XR_002636414.1	3057	2942	189.266	199.215
rna-XR_002636412.1	13842	13727	2134.44	481.502
rna-XR_002636413.1	1515	1400	7	15.4832
rna-XR_002636013.1	16618	16503	1668.1	313.003
rna-XR_002635965.1	866	754.566	13.4871	55.3493
rna-XR_002636943.1	2717	2602	184.853	219.993
rna-XR_002636752.1	4602	4487	47.8637	33.0324
rna-XR_002636751.1	4605	4490	21.6643	14.9413
rna-XR_002636078.1	1597	1482	4	8.35801
rna-XR_002636172.1	3305	3190	32.8238	31.8631
rna-XR_002636073.1	4413	4298	80.5484	58.0338
rna-XR_002636458.1	599	489.857	16	101.144
rna-XR_002636459.1	3385	3270	433.39	410.414
rna-XR_002636460.1	2448	2333	13	17.2552
rna-XR_002636949.1	741	630.523	31	152.248
rna-XR_002636129.1	1274	1159	3	8.01547
rna-XR_002636001.1	3450	3335	14	12.9994
rna-XR_002635950.1	2720	2605	582.169	692.041
rna-XR_002636228.1	2091	1976	9	14.1041
rna-XR_002636028.1	2441	2326	28	37.2768
rna-XR_002636851.1	731	620.523	4	19.9614
rna-XR_002636456.1	3222	3107	4.89344	4.87712
rna-XR_002636455.1	5397	5282	285.787	167.546
rna-XR_002636457.1	694	583.686	2.26311	12.0065
rna-XR_002635905.1	1031	915.996	9.42293	31.8553
rna-XR_002635904.1	1946	1831	7.64103	12.9227
rna-XR_002636920.1	936	822.218	3	11.2986
rna-XR_002635951.1	1123	1008	5.13244	15.7672
rna-XR_002636992.1	637	527.443	54	317.035
rna-XR_002636984.1	2127	2012	115.184	177.278
rna-XR_002636988.1	1326	1211	53.7209	137.369
rna-XR_002636986.1	2194	2079	11	16.3843
rna-XR_002636987.1	3571	3456	377.089	337.878
rna-XR_002636980.1	5744	5629	553.098	304.271
rna-XR_002636991.1	4324	4209	432.558	318.241
rna-XR_002636985.1	902	788.821	119.586	469.452
rna-XR_002636989.1	2081	1966	119.644	188.451
rna-XR_002636990.1	2066	1951	109.504	173.805
rna-XR_002636981.1	3045	2930	63.4576	67.0666
rna-XR_002636982.1	3045	2930	63.4576	67.0666
rna-XR_002636983.1	3045	2930	63.4576	67.0666
rna-XR_002636204.1	2178	2063	8.37098	12.5652
rna-XR_002636206.1	3382	3267	66.5884	63.116
rna-XR_002636202.1	2419	2304	423.755	569.539
rna-XR_002636205.1	743	632.523	18.2012	89.1071
rna-XR_002636203.1	515	406.509	17.0302	129.73
rna-XR_002636201.1	683	572.884	9.86563	53.3271
rna-XR_002636650.1	3191	3076	257.352	259.078
rna-XR_002636647.1	9363	9248	4.12854	1.38242
rna-XR_002636649.1	9363	9248	4.12854	1.38242
rna-XR_002636648.1	14175	14060	1962.45	432.218
rna-XR_002636352.1	1460	1345	305.071	702.377
rna-XR_002636351.1	9293	9178	2206.87	744.592
rna-XR_002636550.1	1302	1187	117	305.229
rna-XR_002636544.1	2366	2251	22.0629	30.3513
rna-XR_002636321.1	2325	2210	31.3517	43.9298
rna-XR_002636320.1	8458	8343	311.839	115.744
rna-XR_002636318.1	1479	1364	27.4214	62.2539
rna-XR_002636319.1	1547	1432	85	183.809
rna-XR_002636316.1	2404	2289	49.4638	66.9164
rna-XR_002636317.1	2404	2289	49.4638	66.9164
rna-XR_002636315.1	2403	2288	0	0
rna-XR_002636043.1	4937	4822	8.63993	5.54847
rna-XR_002636016.1	967	852.644	18.0994	65.7336
rna-XR_002636917.1	3118	3003	136.59	140.849
rna-XR_002636887.1	4216	4101	619.392	467.698
rna-XR_002636222.1	790	679.16	143.698	655.191
rna-XR_002636918.1	2080	1965	541.004	852.567
rna-XR_002636611.1	3076	2961	243.189	254.329
rna-XR_002636612.1	1342	1227	77.0117	194.358
rna-XR_002637276.1	1177	1062	379.001	1105.11
rna-XR_002637273.1	1709	1594	0	0
rna-XR_002637272.1	3237	3122	569.752	565.123
rna-XR_002637249.1	8663	8548	1720.76	623.369
rna-XR_002637015.1	2597	2482	195.633	244.08
rna-XR_002637156.1	750	639.523	37.8839	183.437
rna-XR_002637155.1	1763	1648	11	20.6693
rna-XR_002637340.1	3204	3089	442	443.093
rna-XR_002637337.1	1555	1440	0	0
rna-XR_002637339.1	2109	1994	270.365	419.871
rna-XR_002637338.1	2442	2327	696.618	927.019
rna-XR_002637334.1	11020	10905	355.201	100.864
rna-XR_002637327.1	3519	3404	0	0
rna-XR_002637329.1	2497	2382	0	0
rna-XR_002637326.1	2495	2380	36.0977	46.967
rna-XR_002637328.1	2356	2241	1.24798e-05	1.72447e-05
rna-XR_002637341.1	2178	2063	133.685	200.666
rna-XR_002637333.1	5444	5329	46.8776	27.2401
rna-XR_002637331.1	11656	11541	234.546	62.9323
rna-XR_002637330.1	11657	11542	211.641	56.7817
rna-XR_002637332.1	11657	11542	211.641	56.7817
rna-XR_002637335.1	1315	1200	4.15655	10.7261
rna-XR_002637336.1	1521	1406	0	0
rna-XR_002637104.1	4175	4060	71.2156	54.3175
rna-XR_002637168.1	4717	4602	222.686	149.843
rna-XR_002637048.1	2157	2042	13	19.7142
rna-XR_002637034.1	800	689.067	56.1445	252.311
rna-XR_002637218.1	6188	6073	49.0212	24.996
rna-XR_002637219.1	6188	6073	49.0212	24.996
rna-XR_002637220.1	5280	5165	56.2443	33.7208
rna-XR_002637222.1	582	472.989	180	1178.45
rna-XR_002637221.1	2083	1968	224	352.463
rna-XR_002637223.1	594	484.924	7.41266	47.3359
rna-XR_002637275.1	6765	6650	377.191	175.643
rna-XR_002637105.1	3372	3257	7.04593	6.69901
rna-XR_002637177.1	3153	3038	597.357	608.887
rna-XR_002637178.1	1383	1268	5.73816	14.0134
rna-XR_002637242.1	2057	1942	67.5733	107.75
rna-XR_002637065.1	3148	3033	959.636	979.77
rna-XR_002637057.1	1220	1105	11	30.8263
rna-XR_002637187.1	9552	9437	3553.83	1166.14
rna-XR_002637044.1	1447	1332	14.8957	34.6295
rna-XR_002637096.1	1052	936.996	6.10434	20.1739
rna-XR_002637142.1	1972	1857	9	15.0079
rna-XR_002637141.1	719	608.565	2	10.1768
rna-XR_002637147.1	736	625.523	9	44.5542
rna-XR_002637059.1	602	492.755	139	873.52
rna-XR_002637102.1	1033	917.996	0	0
rna-XR_002637360.1	3023	2908	210.696	224.364
rna-XR_002637087.1	4941	4826	317.892	203.977
rna-XR_002637073.1	3855	3740	1211.89	1003.42
rna-XR_002637072.1	2133	2018	874.959	1342.63
rna-XR_002637302.1	1583	1468	133.529	281.67
rna-XR_002637285.1	1845	1730	97.9909	175.4
rna-XR_002637281.1	1720	1605	143.908	277.652
rna-XR_002637067.1	1819	1704	385.024	699.695
rna-XR_002637068.1	1863	1748	80.3432	142.331
rna-XR_002637014.1	975	860.352	186.354	670.738
rna-XR_002637013.1	991	876.116	915.138	3234.56
rna-XR_002637204.1	9611	9496	850.049	277.2
rna-XR_002637206.1	1034	918.996	235.193	792.503
rna-XR_002637205.1	935	821.218	420	1583.73
rna-XR_002637298.1	1346	1231	53.5	134.582
rna-XR_002637299.1	1346	1231	53.5	134.582
rna-XR_002637300.1	4808	4693	200.36	132.206
rna-XR_002637039.1	1514	1399	82.3646	182.311
rna-XR_002637037.1	1306	1191	0	0
rna-XR_002637369.1	1313	1198	5	12.9242
rna-XR_002637162.1	3810	3695	2766.46	2318.46
rna-XR_002637050.1	14863	14748	1372.29	288.139
rna-XR_002637052.1	810	699.019	238.499	1056.54
rna-XR_002637092.1	1555	1440	1.16204	2.49891
rna-XR_002637076.1	977	862.352	190.232	683.105
rna-XR_002637355.1	3110	2995	259.735	268.549
rna-XR_002637356.1	2098	1983	1132.27	1768.14
rna-XR_002637271.1	815	703.971	470.855	2071.2
rna-XR_002637238.1	1234	1119	18	49.812
rna-XR_002637169.1	1602	1487	12	24.9897
rna-XR_002637243.1	2842	2727	185	210.076
rna-XR_002637091.1	4584	4469	0	0
rna-XR_002637090.1	15133	15018	699.642	144.263
rna-XR_002637210.1	1760	1645	0.00887326	0.0167035
rna-XR_002637211.1	1748	1633	23.9789	45.471
rna-XR_002637214.1	2194	2079	108.074	160.975
rna-XR_002637213.1	1585	1470	6.31694	13.307
rna-XR_002637212.1	1584	1469	14.1585	29.846
rna-XR_002637215.1	1410	1295	0	0
rna-XR_002637216.1	3634	3519	17.8546	15.7116
rna-XR_002637364.1	1016	900.996	0	0
rna-XR_002637031.1	589	479.924	6	38.7141
rna-XR_002637305.1	1648	1533	372	751.435
rna-XR_002637270.1	1737	1622	1528	2917.18
rna-XR_002637244.1	1942	1827	47.0562	79.757
rna-XR_002637239.1	981	866.235	260.397	930.872
rna-XR_002637069.1	6451	6336	168.424	82.315
rna-XR_002637181.1	2971	2856	108.521	117.664
rna-XR_002637186.1	16337	16222	3829.06	730.934
rna-XR_002637183.1	1957	1842	72.0602	121.143
rna-XR_002637184.1	1343	1228	826	2082.92
rna-XR_002637182.1	973	858.411	101.785	367.18
rna-XR_002637185.1	541	432.365	8	57.2966
rna-XR_002637343.1	648	538.151	0	0
rna-XR_002637282.1	7488	7373	1500.27	630.109
rna-XR_002637165.1	1282	1167	7	18.5746
rna-XR_002637127.1	767	656.344	16.2649	76.7379
rna-XR_002637086.1	2946	2831	21.4061	23.4146
rna-XR_002637286.1	3529	3414	249.384	226.201
rna-XR_002637234.1	5983	5868	1574	830.624
rna-XR_002637148.1	1157	1042	13.8236	41.0812
rna-XR_002637107.1	2614	2499	287.266	355.966
rna-XR_002637357.1	2556	2441	20.6662	26.217
rna-XR_002637303.1	2839	2724	94.015	106.876
rna-XR_002637024.1	2758	2643	330.547	387.281
rna-XR_002637278.1	3600	3485	46	40.8738
rna-XR_002637010.1	1216	1101	29.5	82.9709
rna-XR_002637011.1	1216	1101	29.5	82.9709
rna-XR_002637136.1	1198	1083	50	142.966
rna-XR_002637135.1	858	746.72	22	91.2335
rna-XR_002637307.1	1771	1656	67	125.287
rna-XR_002637288.1	439	331.088	24	224.47
rna-XR_002637245.1	1592	1477	359.194	753.078
rna-XR_002637346.1	1161	1046	0	0
rna-XR_002637027.1	2030	1915	294.111	475.591
rna-XR_002637021.1	2323	2208	80.5135	112.917
rna-XR_002637139.1	626	516.479	13	77.9436
rna-XR_002637174.1	563	454.245	0	0
rna-XR_002637173.1	2681	2566	158.935	191.802
rna-XR_002637172.1	2679	2564	18.1697	21.9442
rna-XR_002637099.1	7814	7699	1500.73	603.614
rna-XR_002637100.1	7814	7699	1500.73	603.614
rna-XR_002637095.1	2271	2156	57.5022	82.5897
rna-XR_002637137.1	9361	9246	1041.48	348.808
rna-XR_002637248.1	1297	1182	116.917	306.304
rna-XR_002637077.1	912	798.496	26	100.83
rna-XR_002637347.1	2270	2155	63.4978	91.2435
rna-XR_002637080.1	1162	1047	112.994	334.194
rna-XR_002637256.1	887	774.783	280.238	1120.05
rna-XR_002637038.1	750	639.523	68	329.263
rna-XR_002637009.1	1316	1201	87.7726	226.312
rna-XR_002637366.1	6938	6823	288.853	131.097
rna-XR_002637365.1	5234	5119	35.2502	21.3239
rna-XR_002637179.1	349	242.218	35	447.457
rna-XR_002637289.1	781	670.253	68.1257	314.747
rna-XR_002637290.1	523	414.453	13.8743	103.663
rna-XR_002637083.1	383	275.774	1	11.2289
rna-XR_002637145.1	876	763.994	117	474.226
rna-XR_002637166.1	433	325.155	189	1799.95
rna-XR_002637138.1	675	564.923	147.523	808.651
rna-XR_002637309.1	4949	4834	1851.82	1186.27
rna-XR_002637372.1	2089	1974	30	47.0614
rna-XR_002637164.1	403	295.598	27	282.847
rna-XR_002637268.1	1906	1791	48.8831	84.5189
rna-XR_002637267.1	895	782.303	69.2035	273.932
rna-XR_002637292.1	11587	11472	310.251	83.746
rna-XR_002637081.1	883	770.888	58.3067	234.216
rna-XR_002637049.1	3591	3476	594	529.172
rna-XR_002637079.1	1931	1816	0	0
rna-XR_002637036.1	1817	1702	85	154.65
rna-XR_002637046.1	1860	1745	10.8495	19.2532
rna-XR_002637368.1	2357	2242	40.6566	56.1547
rna-XR_002637367.1	1817	1702	52.1983	94.9703
rna-XR_002637060.1	1086	970.996	5.58435	17.8092
rna-XR_002637093.1	540	431.365	32	229.718
rna-XR_002637203.1	636	526.443	7	41.1753
rna-XR_002637157.1	458	349.901	7	61.9502
rna-XR_002637143.1	3037	2922	0	0
rna-XR_002637144.1	2182	2067	0	0
rna-XR_002637362.1	2462	2347	38.5523	50.866
rna-XR_002637126.1	664	554	115	642.802
rna-XR_002637308.1	5037	4922	795.784	500.661
rna-XR_002637071.1	1426	1311	31	73.2234
rna-XR_002637128.1	659	549.076	14	78.956
rna-XR_002637078.1	1731	1616	23.2206	44.4962
rna-XR_002637040.1	5452	5337	213.47	123.859
rna-XR_002637041.1	5452	5337	213.47	123.859
rna-XR_002637042.1	5452	5337	213.47	123.859
rna-XR_002637043.1	5452	5337	213.47	123.859
rna-XR_002637008.1	1712	1597	69.9113	135.56
rna-XR_002637007.1	4428	4313	60	43.0786
rna-XR_002637287.1	4753	4638	268.78	179.455
rna-XR_002637293.1	1825	1710	56.5378	102.384
rna-XR_002637101.1	1188	1073	106.479	307.294
rna-XR_002637035.1	904	790.767	20	78.3198
rna-XR_002637342.1	2662	2547	17.3593	21.1054
rna-XR_002637063.1	887	774.783	91.3573	365.135
rna-XR_002637195.1	2167	2052	187.915	283.58
rna-XR_002637194.1	3597	3482	343.877	305.819
rna-XR_002637304.1	1287	1172	49	129.467
rna-XR_002637025.1	1820	1705	109	197.967
rna-XR_002637121.1	2996	2881	71.846	77.2236
rna-XR_002637023.1	1720	1605	47	90.6804
rna-XR_002637152.1	414	306.349	40	404.328
rna-XR_002637153.1	649	539.151	19.0523	109.427
rna-XR_002637154.1	604	494.722	26	162.743
rna-XR_002637150.1	2754	2639	62.9556	73.873
rna-XR_002637151.1	346	239.235	1.19203	15.4295
rna-XR_002637167.1	3619	3504	668.167	590.488
rna-XR_002637264.1	2680	2565	52.1325	62.9378
rna-XR_002637022.1	817	705.971	68.7965	301.765
rna-XR_002637345.1	3647	3532	583.508	511.583
rna-XR_002637306.1	6226	6111	1127.33	571.252
rna-XR_002637047.1	617	507.514	43	262.367
rna-XR_002637094.1	761	650.479	12	57.1265
rna-XR_002637140.1	784	673.253	100	459.951
rna-XR_002637301.1	657	547.076	32	181.131
rna-XR_002637085.1	1757	1642	9	16.9731
rna-XR_002637125.1	464	355.877	9	78.3128
rna-XR_002637354.1	762	651.479	14.9986	71.2921
rna-XR_002637266.1	2225	2110	286	419.734
rna-XR_002637190.1	750	639.523	12.7367	61.6724
rna-XR_002637189.1	598	488.89	115.345	730.593
rna-XR_002637191.1	3069	2954	955.964	1002.12
rna-XR_002637032.1	1806	1691	445.012	814.927
rna-XR_002637259.1	2152	2037	259.087	393.864
rna-XR_002637097.1	1167	1052	55.6522	163.817
rna-XR_002637280.1	1895	1780	180.65	314.274
rna-XR_002637279.1	2831	2716	118	134.537
rna-XR_002637064.1	1524	1409	208.874	459.055
rna-XR_002637353.1	3875	3760	138.762	114.281
rna-XR_002637350.1	1154	1039	26.7844	79.8285
rna-XR_002637351.1	2218	2103	160.569	236.436
rna-XR_002637352.1	710	599.565	59	304.723
rna-XR_002637033.1	3335	3220	11.903	11.447
rna-XR_002637200.1	4346	4231	2	1.46378
rna-XR_002637158.1	509	400.537	0	0
rna-XR_002637159.1	2420	2305	197	264.658
rna-XR_002637160.1	2575	2460	89	112.033
rna-XR_002637161.1	563	454.245	6	40.9026
rna-XR_002637359.1	1424	1309	4.07029	9.6289
rna-XR_002637295.1	3065	2950	122.599	128.693
rna-XR_002637019.1	2604	2489	41.855	52.073
rna-XR_002637236.1	3822	3707	166	138.668
rna-XR_002637201.1	4108	3993	176.015	136.503
rna-XR_002637202.1	1235	1120	22	60.8269
rna-XR_002637075.1	5469	5354	92.4985	53.4991
rna-XR_002637074.1	5460	5345	680.292	394.128
rna-XR_002637241.1	3317	3202	107.701	104.157
rna-XR_002637053.1	2892	2777	95.4683	106.457
rna-XR_002637054.1	2892	2777	95.4683	106.457
rna-XR_002637235.1	2818	2703	150.437	172.345
rna-XR_002637045.1	3497	3382	184.681	169.098
rna-XR_002637344.1	2331	2216	130.624	182.534
rna-XR_002637020.1	365	257.959	4	48.0175
rna-XR_002637283.1	4697	4582	81.099	54.8088
rna-XR_002637120.1	19781	19666	5312.83	836.566
rna-XR_002637224.1	453	344.949	8.87526	79.6739
rna-XR_002637146.1	2168	2053	218.87	330.133
rna-XR_002637122.1	391	283.678	10.1235	110.508
rna-XR_002637291.1	1945	1830	67.826	114.772
rna-XR_002637055.1	1896	1781	19.5477	33.9877
rna-XR_002637247.1	2233	2118	863.609	1262.65
rna-XR_002637176.1	2192	2077	460	685.823
rna-XR_002637233.1	3014	2899	83.8381	89.5537
rna-XR_002637363.1	8095	7980	1764.91	684.873
rna-XR_002637237.1	1227	1112	463.304	1290.19
rna-XR_002637103.1	2774	2659	37.1277	43.2385
rna-XR_002637118.1	3582	3467	190.988	170.586
rna-XR_002637114.1	33099	32984	2422.15	227.398
rna-XR_002637115.1	33099	32984	2422.15	227.398
rna-XR_002637112.1	3851	3736	57.8986	47.9901
rna-XR_002637117.1	2751	2636	22.053	25.9067
rna-XR_002637113.1	23412	23297	1300.62	172.878
rna-XR_002637119.1	1390	1275	42	102.007
rna-XR_002637109.1	22415	22300	1732.89	240.634
rna-XR_002637111.1	26509	26394	1563.28	183.41
rna-XR_002637110.1	5011	4896	0	0
rna-XR_002637116.1	8025	7910	694.809	272.006
rna-XR_002637163.1	661	551.076	23	129.243
rna-XR_002637124.1	1065	949.996	119.963	391.034
rna-XR_002637252.1	1122	1007	23.9053	73.5116
rna-XR_002637253.1	1578	1463	288.913	611.524
rna-XR_002637263.1	4731	4616	126.938	85.1563
rna-XR_002637062.1	1746	1631	7.18985	13.6508
rna-XR_002637296.1	2808	2693	837.053	962.514
rna-XR_002637171.1	1904	1789	13	22.5021
rna-XR_002637056.1	920	806.441	48	184.314
rna-XR_002637012.1	717	606.565	41.4525	211.623
rna-XR_002637058.1	1022	906.996	120	409.7
rna-XR_002637131.1	10518	10403	486.353	144.772
rna-XR_002637132.1	10518	10403	486.353	144.772
rna-XR_002637129.1	10517	10402	105.716	31.4711
rna-XR_002637130.1	10517	10402	105.716	31.4711
rna-XR_002637133.1	10517	10402	105.716	31.4711
rna-XR_002637134.1	10517	10402	105.716	31.4711
rna-XR_002637098.1	5002	4887	209.38	132.673
rna-XR_002637199.1	1884	1769	165.949	290.494
rna-XR_002637197.1	1148	1033	0	0
rna-XR_002637198.1	1328	1213	113.15	288.858
rna-XR_002637196.1	2156	2041	16.8248	25.5269
rna-XR_002637149.1	2479	2364	842.101	1103.08
rna-XR_002637051.1	1281	1166	6	15.9347
rna-XR_002637255.1	1143	1028	3.89005	11.718
